12	[1,0,0,0,0,0,0,0,0,0,0,0,0,0,0,0,0,0,0,0,0,0,0,0,0,0,0,0,0,0,0,1,0,0,0,0,1,1,1,0,0,0,0,0,1,0,0,1,1,0,0,0,1,1,0,0,0,1,1]	0.2678698089169643	0.16974544763344446	0	0.042508651792638186	0.03112186735962642	0.17641390920113534	0.14176663546188895	0.38880754475086676	0.2548545135581281	0	0	0	0	{"n_trees":50,"maxFeatures":58,"replacement":true,"limiar":0.01}
50	[1,0,0,1,0,0,0,1,0,1,1,0,1,1,0,1,1,1,1,1,1,1,1,0,1,1,1,1,1,1,1,1,1,1,1,1,1,1,1,1,1,1,1,1,1,1,1,1,1,1,1,1,1,1,1,1,1,1,1]	0.6128621931736633	0.3682864449799389	0	0.042508651792638186	0.016456706226146374	0.12828369431126613	0.09833359478424232	0.2530436766216459	0.19274816645768378	0	0	0	0	{"n_trees":50,"maxFeatures":58,"replacement":true,"limiar":0.025}
59	[1,1,1,1,1,1,1,1,1,1,1,1,1,1,1,1,1,1,1,1,1,1,1,1,1,1,1,1,1,1,1,1,1,1,1,1,1,1,1,1,1,1,1,1,1,1,1,1,1,1,1,1,1,1,1,1,1,1,1]	0.5157560957272094	0.5512620726297717	0	0.042508651792638186	0.020584555509439672	0.14347318742343348	0.10553035293986823	0.28750682403143996	0.202525730592775	0	0	0	0	{"n_trees":50,"maxFeatures":58,"replacement":true,"limiar":0.05}
59	[1,1,1,1,1,1,1,1,1,1,1,1,1,1,1,1,1,1,1,1,1,1,1,1,1,1,1,1,1,1,1,1,1,1,1,1,1,1,1,1,1,1,1,1,1,1,1,1,1,1,1,1,1,1,1,1,1,1,1]	0.5482732904450232	0.5120314406235427	0	0.042508651792638186	0.01920229340190672	0.13857233995970017	0.10039669483789412	0.2691927237907385	0.1915103714967834	0	0	0	0	{"n_trees":50,"maxFeatures":58,"replacement":true,"limiar":0.1}
10	[1,0,0,0,0,0,0,0,0,1,1,0,0,0,0,0,0,0,0,0,0,0,0,0,0,0,0,0,0,1,0,0,0,1,0,0,0,1,0,0,0,0,1,1,0,0,0,0,0,0,0,0,0,0,1,0,0,0,1]	0.10194366461967097	0.10542897337990653	0	0.042508651792638186	0.0381751640508551	0.195384656641342	0.15726467556141063	0.449683616595911	0.2772702857199251	0	0	0	0	{"n_trees":50,"maxFeatures":58,"replacement":false,"limiar":0.01}
53	[1,1,0,1,1,1,1,0,1,1,1,1,1,1,1,1,1,1,1,1,1,1,0,0,1,0,1,1,1,1,1,1,1,1,1,1,1,1,1,1,1,1,1,1,1,1,1,0,1,1,1,1,1,1,1,1,1,1,1]	0.5638207623740643	0.4886565130693773	0	0.042508651792638186	0.018541391331419285	0.13616677763470533	0.09777276674447559	0.2878632777199897	0.18764918682480525	0	0	0	0	{"n_trees":50,"maxFeatures":58,"replacement":false,"limiar":0.025}
59	[1,1,1,1,1,1,1,1,1,1,1,1,1,1,1,1,1,1,1,1,1,1,1,1,1,1,1,1,1,1,1,1,1,1,1,1,1,1,1,1,1,1,1,1,1,1,1,1,1,1,1,1,1,1,1,1,1,1,1]	0.593535316458053	0.5189623832870707	0	0.042508651792638186	0.0172782656986895	0.1314468169971776	0.09462195948346637	0.26604852160998216	0.185672965529322	0	0	0	0	{"n_trees":50,"maxFeatures":58,"replacement":false,"limiar":0.05}
59	[1,1,1,1,1,1,1,1,1,1,1,1,1,1,1,1,1,1,1,1,1,1,1,1,1,1,1,1,1,1,1,1,1,1,1,1,1,1,1,1,1,1,1,1,1,1,1,1,1,1,1,1,1,1,1,1,1,1,1]	0.6284316356473131	0.4952473127587166	0	0.042508651792638186	0.015794870217428484	0.1256776440638051	0.09360333429591279	0.24956006751126072	0.18183548918408476	0	0	0	0	{"n_trees":50,"maxFeatures":58,"replacement":false,"limiar":0.1}
17	[1,0,0,0,0,0,0,0,0,0,0,0,0,0,0,0,0,0,0,0,0,0,0,0,0,0,0,0,0,0,1,0,0,0,1,0,0,0,1,1,0,0,0,1,0,0,1,1,0,0,1,1,1,1,1,1,1,1,1]	0.27446258984301586	0.12855204424217992	0	0.042508651792638186	0.03084161713089575	0.17561781552819677	0.1396516812364039	0.3834576755986348	0.24964986765874028	0	0	0	0	{"n_trees":50,"maxFeatures":50,"replacement":true,"limiar":0.01}
43	[1,0,1,0,0,0,0,1,0,1,1,0,0,0,0,1,0,1,0,1,0,0,1,0,1,1,1,1,1,1,1,1,1,1,1,1,1,1,1,1,1,1,1,1,1,1,1,1,0,1,1,1,1,1,1,1,1,1,1]	0.4646170241209149	0.2538388091268864	0	0.042508651792638186	0.02275840849735044	0.15085890261217744	0.11368222221028267	0.31317650452851664	0.21272692226070655	0	0	0	0	{"n_trees":50,"maxFeatures":50,"replacement":true,"limiar":0.025}
59	[1,1,1,1,1,1,1,1,1,1,1,1,1,1,1,1,1,1,1,1,1,1,1,1,1,1,1,1,1,1,1,1,1,1,1,1,1,1,1,1,1,1,1,1,1,1,1,1,1,1,1,1,1,1,1,1,1,1,1]	0.5723536521879202	0.46262337408365695	0	0.042508651792638186	0.01817866968953714	0.13482829706533098	0.0988099999170192	0.27695640360422125	0.1898769442859452	0	0	0	0	{"n_trees":50,"maxFeatures":50,"replacement":true,"limiar":0.05}
59	[1,1,1,1,1,1,1,1,1,1,1,1,1,1,1,1,1,1,1,1,1,1,1,1,1,1,1,1,1,1,1,1,1,1,1,1,1,1,1,1,1,1,1,1,1,1,1,1,1,1,1,1,1,1,1,1,1,1,1]	0.572315762863653	0.5363930554579125	0	0.042508651792638186	0.01818028031362907	0.1348342698041899	0.10179342323079234	0.26316307325365396	0.1985296415104657	0	0	0	0	{"n_trees":50,"maxFeatures":50,"replacement":true,"limiar":0.1}
11	[1,0,0,0,0,0,1,0,0,0,0,0,0,0,0,0,0,0,0,0,0,0,0,0,0,0,0,0,0,0,0,0,0,0,0,0,0,0,0,0,0,0,0,0,0,0,0,0,0,0,1,1,1,1,1,1,1,1,1]	0.20795918629507237	0.1670094769885878	0	0.042508651792638186	0.03366858715534058	0.18349001922540795	0.15106112502297903	0.39800195058684357	0.2703974992458143	0	0	0	0	{"n_trees":50,"maxFeatures":50,"replacement":false,"limiar":0.01}
49	[1,0,0,1,1,1,1,0,1,1,1,1,1,1,1,1,1,1,1,1,1,1,1,1,1,0,1,1,0,1,1,1,0,0,1,1,1,1,1,1,0,1,1,1,1,0,1,1,0,1,1,1,1,1,1,1,1,1,1]	0.5728331233515622	0.5138674624465055	0	0.042508651792638186	0.01815828801679727	0.1347526920576998	0.09661907082419297	0.26828204046854986	0.18364629410515598	0	0	0	0	{"n_trees":50,"maxFeatures":50,"replacement":false,"limiar":0.025}
59	[1,1,1,1,1,1,1,1,1,1,1,1,1,1,1,1,1,1,1,1,1,1,1,1,1,1,1,1,1,1,1,1,1,1,1,1,1,1,1,1,1,1,1,1,1,1,1,1,1,1,1,1,1,1,1,1,1,1,1]	0.5869971767496097	0.5250511022685871	0	0.042508651792638186	0.017556193202927336	0.13249978567125056	0.10348835174658977	0.2516011092212327	0.20009776135958282	0	0	0	0	{"n_trees":50,"maxFeatures":50,"replacement":false,"limiar":0.05}
59	[1,1,1,1,1,1,1,1,1,1,1,1,1,1,1,1,1,1,1,1,1,1,1,1,1,1,1,1,1,1,1,1,1,1,1,1,1,1,1,1,1,1,1,1,1,1,1,1,1,1,1,1,1,1,1,1,1,1,1]	0.5323431068732463	0.5134441320419129	0	0.042508651792638186	0.019879464028352185	0.14099455318682416	0.10773432187148657	0.2786589554295397	0.2048887059871837	0	0	0	0	{"n_trees":50,"maxFeatures":50,"replacement":false,"limiar":0.1}
20	[1,0,0,0,0,0,0,0,0,0,0,0,0,0,0,0,0,0,0,0,0,0,0,0,0,0,0,0,0,0,0,0,0,0,0,0,0,0,0,0,1,1,1,1,1,1,1,1,1,1,1,1,1,1,1,1,1,1,1]	0.2322461659559738	0.14696882540053846	0	0.042508651792638186	0.03263618039384043	0.1806548654031782	0.1460323317243346	0.3900615401961124	0.26488424764213414	0	0	0	0	{"n_trees":50,"maxFeatures":40,"replacement":true,"limiar":0.01}
38	[1,0,0,0,0,0,0,0,1,0,1,0,0,0,0,0,1,1,0,0,0,0,1,1,1,1,1,1,0,0,1,1,1,1,0,1,1,1,1,0,1,1,1,1,1,1,1,1,1,1,1,1,1,1,1,1,1,1,1]	0.3870612362659185	0.1412629952767993	0	0.042508651792638186	0.026055200477782196	0.16141623362531476	0.11838690487988152	0.3320065202627611	0.21726877864718727	0	0	0	0	{"n_trees":50,"maxFeatures":40,"replacement":true,"limiar":0.025}
59	[1,1,1,1,1,1,1,1,1,1,1,1,1,1,1,1,1,1,1,1,1,1,1,1,1,1,1,1,1,1,1,1,1,1,1,1,1,1,1,1,1,1,1,1,1,1,1,1,1,1,1,1,1,1,1,1,1,1,1]	0.544805162762358	0.5446080679957824	0	0.042508651792638186	0.01934971883394154	0.13910326679823712	0.10027375138578724	0.27861368528160674	0.19744240456235526	0	0	0	0	{"n_trees":50,"maxFeatures":40,"replacement":true,"limiar":0.05}
59	[1,1,1,1,1,1,1,1,1,1,1,1,1,1,1,1,1,1,1,1,1,1,1,1,1,1,1,1,1,1,1,1,1,1,1,1,1,1,1,1,1,1,1,1,1,1,1,1,1,1,1,1,1,1,1,1,1,1,1]	0.6064977029373393	0.45133116889926095	0	0.042508651792638186	0.016727252125439917	0.12933387849067202	0.09350767309862468	0.25965024279506715	0.18066214745443795	0	0	0	0	{"n_trees":50,"maxFeatures":40,"replacement":true,"limiar":0.1}
21	[1,0,0,0,0,0,0,1,0,0,0,0,0,0,0,0,0,0,0,0,0,0,0,0,0,0,0,0,0,0,0,0,0,0,0,0,0,0,0,0,1,1,1,1,1,1,1,1,1,1,1,1,1,1,1,1,1,1,1]	0.24123413191794074	0.20421800789035593	0	0.042508651792638186	0.032254114078439096	0.1795943041369606	0.14208201986271077	0.3879630652535324	0.25786358980537055	0	0	0	0	{"n_trees":50,"maxFeatures":40,"replacement":false,"limiar":0.01}
39	[1,0,0,1,0,0,1,1,1,0,0,1,1,1,0,0,0,0,1,0,1,1,0,0,0,1,1,0,0,1,0,1,0,1,1,0,1,1,0,1,1,1,1,1,1,1,1,1,1,1,1,1,1,1,1,1,1,1,1]	0.45722420464333147	0.425302454006233	0	0.042508651792638186	0.023072667286288866	0.15189689689486374	0.11092205106672655	0.287450680959966	0.20693682080775755	0	0	0	0	{"n_trees":50,"maxFeatures":40,"replacement":false,"limiar":0.025}
59	[1,1,1,1,1,1,1,1,1,1,1,1,1,1,1,1,1,1,1,1,1,1,1,1,1,1,1,1,1,1,1,1,1,1,1,1,1,1,1,1,1,1,1,1,1,1,1,1,1,1,1,1,1,1,1,1,1,1,1]	0.5568000369544397	0.4842379068431284	0	0.042508651792638186	0.018839832903613834	0.13725827080221373	0.10277735944893329	0.27093402975561154	0.19727699638772203	0	0	0	0	{"n_trees":50,"maxFeatures":40,"replacement":false,"limiar":0.05}
59	[1,1,1,1,1,1,1,1,1,1,1,1,1,1,1,1,1,1,1,1,1,1,1,1,1,1,1,1,1,1,1,1,1,1,1,1,1,1,1,1,1,1,1,1,1,1,1,1,1,1,1,1,1,1,1,1,1,1,1]	0.47701601443511676	0.37045138347881235	0	0.042508651792638186	0.022231344135503737	0.1491017911881133	0.11281852146061264	0.28753864895493386	0.21939075287059331	0	0	0	0	{"n_trees":50,"maxFeatures":40,"replacement":false,"limiar":0.1}
30	[1,0,0,0,0,0,0,0,0,0,0,0,0,0,0,0,0,0,0,0,0,0,0,0,0,0,0,0,0,0,1,1,1,1,1,1,1,1,1,1,1,1,1,1,1,1,1,1,1,1,1,1,1,1,1,1,1,1,1]	0.3144403219665475	0.1504005872494536	0	0.042508651792638186	0.02914221763659718	0.1707109183286095	0.13051790256420753	0.3789242561823993	0.23743466526503357	0	0	0	0	{"n_trees":50,"maxFeatures":30,"replacement":true,"limiar":0.01}
36	[1,0,0,0,0,0,0,0,0,0,0,0,0,0,1,0,0,1,0,0,0,1,1,0,1,0,1,0,0,0,1,1,1,1,1,1,1,1,1,1,1,1,1,1,1,1,1,1,1,1,1,1,1,1,1,1,1,1,1]	0.34999245880221996	0.05629596705731377	0	0.042508651792638186	0.02763094423136535	0.16622558236133617	0.12899208847602936	0.364426745915995	0.2370625998492142	0	0	0	0	{"n_trees":50,"maxFeatures":30,"replacement":true,"limiar":0.025}
55	[1,0,1,1,0,1,1,1,1,1,1,1,1,1,1,0,1,1,0,1,1,1,1,1,1,1,1,1,1,1,1,1,1,1,1,1,1,1,1,1,1,1,1,1,1,1,1,1,1,1,1,1,1,1,1,1,1,1,1]	0.5796752322968521	0.4642829568300293	0	0.042508651792638186	0.01786743919011465	0.13366914075475553	0.10183771681088041	0.27035029655149145	0.19684182666374994	0	0	0	0	{"n_trees":50,"maxFeatures":30,"replacement":true,"limiar":0.05}
59	[1,1,1,1,1,1,1,1,1,1,1,1,1,1,1,1,1,1,1,1,1,1,1,1,1,1,1,1,1,1,1,1,1,1,1,1,1,1,1,1,1,1,1,1,1,1,1,1,1,1,1,1,1,1,1,1,1,1,1]	0.6163288851129368	0.4622558489525541	0	0.042508651792638186	0.01630934182562745	0.12770803352032106	0.1003251376476666	0.2526378233587505	0.19738270274731085	0	0	0	0	{"n_trees":50,"maxFeatures":30,"replacement":true,"limiar":0.1}
30	[1,0,0,0,0,0,0,0,0,0,0,0,0,0,0,0,0,0,0,0,0,0,0,0,0,0,0,0,0,0,1,1,1,1,1,1,1,1,1,1,1,1,1,1,1,1,1,1,1,1,1,1,1,1,1,1,1,1,1]	0.3361855061939897	0.12177811052656351	0	0.042508651792638186	0.02821785917210607	0.1679817227322844	0.13124334756983375	0.3747216409398998	0.2372438589068989	0	0	0	0	{"n_trees":50,"maxFeatures":30,"replacement":false,"limiar":0.01}
32	[1,0,0,0,0,0,0,0,0,0,0,0,0,0,0,0,0,0,1,1,0,0,0,0,0,0,0,0,0,0,1,1,1,1,1,1,1,1,1,1,1,1,1,1,1,1,1,1,1,1,1,1,1,1,1,1,1,1,1]	0.3478127338980378	0.12298243434265788	0	0.042508651792638186	0.027723601398320974	0.16650405820375963	0.12756975949637459	0.3675361040002804	0.23267811893743973	0	0	0	0	{"n_trees":50,"maxFeatures":30,"replacement":false,"limiar":0.025}
59	[1,1,1,1,1,1,1,1,1,1,1,1,1,1,1,1,1,1,1,1,1,1,1,1,1,1,1,1,1,1,1,1,1,1,1,1,1,1,1,1,1,1,1,1,1,1,1,1,1,1,1,1,1,1,1,1,1,1,1]	0.5541819856122665	0.5127841823580669	0	0.042508651792638186	0.018951122736493527	0.13766307688154267	0.09981926910264631	0.28125655430752405	0.1918378796216016	0	0	0	0	{"n_trees":50,"maxFeatures":30,"replacement":false,"limiar":0.05}
59	[1,1,1,1,1,1,1,1,1,1,1,1,1,1,1,1,1,1,1,1,1,1,1,1,1,1,1,1,1,1,1,1,1,1,1,1,1,1,1,1,1,1,1,1,1,1,1,1,1,1,1,1,1,1,1,1,1,1,1]	0.5950969107193738	0.5352567785337546	0	0.042508651792638186	0.01721188443199363	0.1311940716343297	0.1016853024807687	0.2603249847306863	0.19715750760555534	0	0	0	0	{"n_trees":50,"maxFeatures":30,"replacement":false,"limiar":0.1}
8	[1,0,0,0,0,0,0,0,0,0,0,0,0,0,0,0,0,0,0,0,0,0,0,0,0,0,0,0,0,0,0,1,0,0,0,0,0,0,0,0,0,0,0,0,0,0,0,1,0,0,1,0,1,1,0,1,0,0,1]	0.19631443474412968	0.11367110660930546	0	0.042508651792638186	0.03416358984423139	0.184833952087357	0.1447240869725376	0.43470099692762804	0.25931813900257816	0	0	0	0	{"n_trees":100,"maxFeatures":58,"replacement":true,"limiar":0.01}
51	[1,0,0,0,1,0,0,0,0,1,1,0,1,1,1,1,1,1,1,1,1,1,1,1,1,1,1,1,1,1,1,1,1,1,1,1,1,1,1,1,1,1,1,1,1,1,1,1,1,1,1,1,1,1,1,1,1,1,1]	0.4636725552966713	0.343541646140869	0	0.042508651792638186	0.022798556593729213	0.15099190903399165	0.11122478014379267	0.2834652285746735	0.211728211168204	0	0	0	0	{"n_trees":100,"maxFeatures":58,"replacement":true,"limiar":0.025}
59	[1,1,1,1,1,1,1,1,1,1,1,1,1,1,1,1,1,1,1,1,1,1,1,1,1,1,1,1,1,1,1,1,1,1,1,1,1,1,1,1,1,1,1,1,1,1,1,1,1,1,1,1,1,1,1,1,1,1,1]	0.5496264774194053	0.5065550813176294	0	0.042508651792638186	0.019144771248002374	0.13836463149230865	0.1024610894308795	0.259316715886553	0.2000891399554009	0	0	0	0	{"n_trees":100,"maxFeatures":58,"replacement":true,"limiar":0.05}
59	[1,1,1,1,1,1,1,1,1,1,1,1,1,1,1,1,1,1,1,1,1,1,1,1,1,1,1,1,1,1,1,1,1,1,1,1,1,1,1,1,1,1,1,1,1,1,1,1,1,1,1,1,1,1,1,1,1,1,1]	0.5574049572448756	0.47982270106610636	0	0.042508651792638186	0.01881411855762539	0.1371645674276903	0.10052962061343311	0.2725983857611521	0.19864872303180345	0	0	0	0	{"n_trees":100,"maxFeatures":58,"replacement":true,"limiar":0.1}
4	[1,0,0,0,0,0,0,0,0,0,0,0,0,0,0,0,0,0,0,0,0,0,0,0,0,0,0,0,0,0,0,0,0,1,0,0,0,0,0,0,0,0,0,0,0,0,0,0,0,0,0,0,0,0,1,0,0,0,1]	0.05699507786864011	0.0846561181372617	0	0.042508651792638186	0.04008586787362586	0.20021455459987383	0.16320954259427237	0.46691994139542975	0.2870817315720502	0	0	0	0	{"n_trees":100,"maxFeatures":58,"replacement":false,"limiar":0.01}
56	[1,1,0,1,1,1,1,0,1,1,1,1,1,1,1,1,1,1,1,1,1,1,1,0,1,1,1,1,1,1,1,1,1,1,1,1,1,1,1,1,1,1,1,1,1,1,1,1,1,1,1,1,1,1,1,1,1,1,1]	0.5456878645152625	0.48301210113509363	0	0.042508651792638186	0.01931219637249057	0.13896832866696845	0.0961833577943612	0.2865641291770326	0.1833974856982686	0	0	0	0	{"n_trees":100,"maxFeatures":58,"replacement":false,"limiar":0.025}
59	[1,1,1,1,1,1,1,1,1,1,1,1,1,1,1,1,1,1,1,1,1,1,1,1,1,1,1,1,1,1,1,1,1,1,1,1,1,1,1,1,1,1,1,1,1,1,1,1,1,1,1,1,1,1,1,1,1,1,1]	0.5734604427419241	0.5097072412694896	0	0.042508651792638186	0.01813162151526961	0.13465370962312775	0.10154574977983404	0.2789523892112559	0.19710152651496066	0	0	0	0	{"n_trees":100,"maxFeatures":58,"replacement":false,"limiar":0.05}
59	[1,1,1,1,1,1,1,1,1,1,1,1,1,1,1,1,1,1,1,1,1,1,1,1,1,1,1,1,1,1,1,1,1,1,1,1,1,1,1,1,1,1,1,1,1,1,1,1,1,1,1,1,1,1,1,1,1,1,1]	0.517604939788487	0.43718748163638266	0	0.042508651792638186	0.020505963641019937	0.14319903505617604	0.10050287014445936	0.29503933057622106	0.19649828359742819	0	0	0	0	{"n_trees":100,"maxFeatures":58,"replacement":false,"limiar":0.1}
13	[1,0,0,0,0,0,0,0,0,0,0,0,0,0,0,0,0,0,0,0,0,0,0,0,0,0,0,0,0,0,0,0,0,0,0,0,0,0,0,1,0,0,0,0,1,0,0,1,0,0,1,1,1,1,1,1,1,1,1]	0.23250319778486572	0.15879839651036753	0	0.042508651792638186	0.03262525431732644	0.18062462267732615	0.14528634378555258	0.3992420442847003	0.26110146541067875	0	0	0	0	{"n_trees":100,"maxFeatures":50,"replacement":true,"limiar":0.01}
47	[1,0,1,0,0,0,0,1,0,1,0,1,0,0,0,1,0,1,1,1,0,1,1,1,1,1,1,1,1,1,1,1,1,1,1,1,1,1,1,1,1,1,1,1,1,1,1,1,1,1,1,1,1,1,1,1,1,1,1]	0.4669761258208994	0.5095014169973313	0	0.042508651792638186	0.022658126264642375	0.1505261647177738	0.11936892423544555	0.28841556572945365	0.22419947642349483	0	0	0	0	{"n_trees":100,"maxFeatures":50,"replacement":true,"limiar":0.025}
59	[1,1,1,1,1,1,1,1,1,1,1,1,1,1,1,1,1,1,1,1,1,1,1,1,1,1,1,1,1,1,1,1,1,1,1,1,1,1,1,1,1,1,1,1,1,1,1,1,1,1,1,1,1,1,1,1,1,1,1]	0.6079993962266219	0.4972765276510792	0	0.042508651792638186	0.01666341716830646	0.12908685900705175	0.09423357861475092	0.24485577897422756	0.1801198487770211	0	0	0	0	{"n_trees":100,"maxFeatures":50,"replacement":true,"limiar":0.05}
59	[1,1,1,1,1,1,1,1,1,1,1,1,1,1,1,1,1,1,1,1,1,1,1,1,1,1,1,1,1,1,1,1,1,1,1,1,1,1,1,1,1,1,1,1,1,1,1,1,1,1,1,1,1,1,1,1,1,1,1]	0.5499455579944126	0.45158354934750744	0	0.042508651792638186	0.01913120756294559	0.1383156085297158	0.1019907142421357	0.2691300835997355	0.19412097308746826	0	0	0	0	{"n_trees":100,"maxFeatures":50,"replacement":true,"limiar":0.1}
10	[1,0,0,0,0,0,0,0,0,0,0,0,0,0,0,0,0,0,0,0,0,0,0,0,0,0,0,0,0,0,0,0,0,0,0,0,0,0,0,0,0,0,0,0,0,0,0,0,0,0,1,1,1,1,1,1,1,1,1]	0.21677758452582474	0.14640368171559226	0	0.042508651792638186	0.03329372893558071	0.1824656924892477	0.1471669243573055	0.4056117354384601	0.2639004431079881	0	0	0	0	{"n_trees":100,"maxFeatures":50,"replacement":false,"limiar":0.01}
51	[1,1,0,1,0,1,1,0,0,1,0,1,1,0,1,1,1,1,1,1,1,0,1,1,1,1,1,1,1,1,1,1,1,1,1,1,1,1,1,1,0,1,1,1,1,1,1,1,1,1,1,1,1,1,1,1,1,1,1]	0.5848907259665463	0.4720130276862863	0	0.042508651792638186	0.017645735585782904	0.13283725225170423	0.0995574102910178	0.26721794171521274	0.19313717162879507	0	0	0	0	{"n_trees":100,"maxFeatures":50,"replacement":false,"limiar":0.025}
59	[1,1,1,1,1,1,1,1,1,1,1,1,1,1,1,1,1,1,1,1,1,1,1,1,1,1,1,1,1,1,1,1,1,1,1,1,1,1,1,1,1,1,1,1,1,1,1,1,1,1,1,1,1,1,1,1,1,1,1]	0.5481748699619384	0.5112904671663557	0	0.042508651792638186	0.01920647712395143	0.1385874349425352	0.10054175886553303	0.26880630443781844	0.19183981683328022	0	0	0	0	{"n_trees":100,"maxFeatures":50,"replacement":false,"limiar":0.05}
59	[1,1,1,1,1,1,1,1,1,1,1,1,1,1,1,1,1,1,1,1,1,1,1,1,1,1,1,1,1,1,1,1,1,1,1,1,1,1,1,1,1,1,1,1,1,1,1,1,1,1,1,1,1,1,1,1,1,1,1]	0.5650248428988636	0.5130501443581899	0	0.042508651792638186	0.018490207491660297	0.13597870234584641	0.09913125443231963	0.2769384735116902	0.18811467355945624	0	0	0	0	{"n_trees":100,"maxFeatures":50,"replacement":false,"limiar":0.1}
20	[1,0,0,0,0,0,0,0,0,0,0,0,0,0,0,0,0,0,0,0,0,0,0,0,0,0,0,0,0,0,0,0,0,0,0,0,0,0,0,0,1,1,1,1,1,1,1,1,1,1,1,1,1,1,1,1,1,1,1]	0.24144454278328575	0.1520877676814132	0	0.042508651792638186	0.03224516979623076	0.17956940105772687	0.1444937941389253	0.40040788638018737	0.25920772763506683	0	0	0	0	{"n_trees":100,"maxFeatures":40,"replacement":true,"limiar":0.01}
40	[1,0,0,0,0,0,0,0,0,0,1,0,0,0,0,0,1,1,0,1,1,1,1,0,1,1,1,1,1,0,1,1,1,1,0,1,0,1,1,1,1,1,1,1,1,1,1,1,1,1,1,1,1,1,1,1,1,1,1]	0.4939812348482595	0.275936688053537	0	0.042508651792638186	0.021510175488376092	0.14666347700902257	0.10647252350884778	0.2844441050570862	0.19683623857873575	0	0	0	0	{"n_trees":100,"maxFeatures":40,"replacement":true,"limiar":0.025}
59	[1,1,1,1,1,1,1,1,1,1,1,1,1,1,1,1,1,1,1,1,1,1,1,1,1,1,1,1,1,1,1,1,1,1,1,1,1,1,1,1,1,1,1,1,1,1,1,1,1,1,1,1,1,1,1,1,1,1,1]	0.5036645804393941	0.4901487543366633	0	0.042508651792638186	0.021098549522454775	0.14525339762792047	0.10565212272119015	0.2879689110783244	0.20318319845876645	0	0	0	0	{"n_trees":100,"maxFeatures":40,"replacement":true,"limiar":0.05}
59	[1,1,1,1,1,1,1,1,1,1,1,1,1,1,1,1,1,1,1,1,1,1,1,1,1,1,1,1,1,1,1,1,1,1,1,1,1,1,1,1,1,1,1,1,1,1,1,1,1,1,1,1,1,1,1,1,1,1,1]	0.5872394333675729	0.5026385802394784	0	0.042508651792638186	0.017545895200709875	0.1324609195223628	0.10254061652767481	0.2704614157066675	0.19410582776020033	0	0	0	0	{"n_trees":100,"maxFeatures":40,"replacement":true,"limiar":0.1}
20	[1,0,0,0,0,0,0,0,0,0,0,0,0,0,0,0,0,0,0,0,0,0,0,0,0,0,0,0,0,0,0,0,0,0,0,0,0,0,0,0,1,1,1,1,1,1,1,1,1,1,1,1,1,1,1,1,1,1,1]	0.24185930441817016	0.14194936671366076	0	0.042508651792638186	0.03222753883831651	0.17952030202268632	0.14669728014847502	0.39218581317746737	0.2636560521566875	0	0	0	0	{"n_trees":100,"maxFeatures":40,"replacement":false,"limiar":0.01}
37	[1,1,0,0,0,0,0,1,0,0,0,0,1,0,1,0,1,0,1,0,1,0,0,0,0,1,1,0,1,1,0,1,0,1,1,0,1,1,0,1,1,1,1,1,1,1,1,1,1,1,1,1,1,1,1,1,1,1,1]	0.3738598285935063	0.2040229116304597	0	0.042508651792638186	0.02661637451970143	0.1631452558908822	0.12375848661930598	0.33757677808238945	0.22409749396481277	0	0	0	0	{"n_trees":100,"maxFeatures":40,"replacement":false,"limiar":0.025}
59	[1,1,1,1,1,1,1,1,1,1,1,1,1,1,1,1,1,1,1,1,1,1,1,1,1,1,1,1,1,1,1,1,1,1,1,1,1,1,1,1,1,1,1,1,1,1,1,1,1,1,1,1,1,1,1,1,1,1,1]	0.5506793015679403	0.4444799427500906	0	0.042508651792638186	0.019100017112873412	0.13820281152304179	0.09696788082376444	0.2770808314374287	0.18640671969224915	0	0	0	0	{"n_trees":100,"maxFeatures":40,"replacement":false,"limiar":0.05}
59	[1,1,1,1,1,1,1,1,1,1,1,1,1,1,1,1,1,1,1,1,1,1,1,1,1,1,1,1,1,1,1,1,1,1,1,1,1,1,1,1,1,1,1,1,1,1,1,1,1,1,1,1,1,1,1,1,1,1,1]	0.5925844286837001	0.5254369863638535	0	0.042508651792638186	0.01731868665598334	0.13160048121486237	0.10278219410621058	0.24981306057103617	0.19911210668749577	0	0	0	0	{"n_trees":100,"maxFeatures":40,"replacement":false,"limiar":0.1}
30	[1,0,0,0,0,0,0,0,0,0,0,0,0,0,0,0,0,0,0,0,0,0,0,0,0,0,0,0,0,0,1,1,1,1,1,1,1,1,1,1,1,1,1,1,1,1,1,1,1,1,1,1,1,1,1,1,1,1,1]	0.27774878491151433	0.19512936229397337	0	0.042508651792638186	0.030701925409006264	0.17521964903801818	0.13917959024893067	0.38139259145130555	0.2504959577667422	0	0	0	0	{"n_trees":100,"maxFeatures":30,"replacement":true,"limiar":0.01}
35	[1,0,0,0,0,0,0,0,0,0,0,0,0,0,1,0,0,0,0,0,0,0,0,0,1,0,1,1,0,1,1,1,1,1,1,1,1,1,1,1,1,1,1,1,1,1,1,1,1,1,1,1,1,1,1,1,1,1,1]	0.2951213245235461	0.10917317424524797	0	0.042508651792638186	0.02996344217188459	0.17309951522717962	0.12692493906397742	0.3891780999173277	0.23027156317460823	0	0	0	0	{"n_trees":100,"maxFeatures":30,"replacement":true,"limiar":0.025}
58	[1,0,1,1,1,1,1,1,1,1,1,1,1,1,1,1,1,1,1,1,1,1,1,1,1,1,1,1,1,1,1,1,1,1,1,1,1,1,1,1,1,1,1,1,1,1,1,1,1,1,1,1,1,1,1,1,1,1,1]	0.5711451245495608	0.4778779675806417	0	0.042508651792638186	0.01823004257009794	0.13501867489387512	0.10445353349283266	0.2732252780613158	0.2052417672559095	0	0	0	0	{"n_trees":100,"maxFeatures":30,"replacement":true,"limiar":0.05}
59	[1,1,1,1,1,1,1,1,1,1,1,1,1,1,1,1,1,1,1,1,1,1,1,1,1,1,1,1,1,1,1,1,1,1,1,1,1,1,1,1,1,1,1,1,1,1,1,1,1,1,1,1,1,1,1,1,1,1,1]	0.5499753164567568	0.5281514922322608	0	0.042508651792638186	0.019129942570831917	0.1383110356075462	0.1023934784703762	0.2768606624653785	0.19577863769248083	0	0	0	0	{"n_trees":100,"maxFeatures":30,"replacement":true,"limiar":0.1}
30	[1,0,0,0,0,0,0,0,0,0,0,0,0,0,0,0,0,0,0,0,0,0,0,0,0,0,0,0,0,0,1,1,1,1,1,1,1,1,1,1,1,1,1,1,1,1,1,1,1,1,1,1,1,1,1,1,1,1,1]	0.3361815124932712	0.12179476310119197	0	0.042508651792638186	0.028218028938939276	0.1679822280449312	0.13124405744590525	0.374725522725859	0.23724510544903063	0	0	0	0	{"n_trees":100,"maxFeatures":30,"replacement":false,"limiar":0.01}
30	[1,0,0,0,0,0,0,0,0,0,0,0,0,0,0,0,0,0,0,0,0,0,0,0,0,0,0,0,0,0,1,1,1,1,1,1,1,1,1,1,1,1,1,1,1,1,1,1,1,1,1,1,1,1,1,1,1,1,1]	0.2801817726985655	0.07694612944108026	0	0.042508651792638186	0.030598502378350764	0.17492427612641637	0.13693474466008457	0.39002938444484647	0.24749939000971635	0	0	0	0	{"n_trees":100,"maxFeatures":30,"replacement":false,"limiar":0.025}
59	[1,1,1,1,1,1,1,1,1,1,1,1,1,1,1,1,1,1,1,1,1,1,1,1,1,1,1,1,1,1,1,1,1,1,1,1,1,1,1,1,1,1,1,1,1,1,1,1,1,1,1,1,1,1,1,1,1,1,1]	0.4818532502693301	0.3560216727245932	0	0.042508651792638186	0.02202571976178829	0.14841064571582555	0.1148621163501427	0.28960245845551036	0.22468038598121484	0	0	0	0	{"n_trees":100,"maxFeatures":30,"replacement":false,"limiar":0.05}
59	[1,1,1,1,1,1,1,1,1,1,1,1,1,1,1,1,1,1,1,1,1,1,1,1,1,1,1,1,1,1,1,1,1,1,1,1,1,1,1,1,1,1,1,1,1,1,1,1,1,1,1,1,1,1,1,1,1,1,1]	0.5871013755392371	0.5238222918143509	0	0.042508651792638186	0.017551763852861845	0.13248307006127932	0.1034640043209408	0.2515738184330008	0.2000642863022637	0	0	0	0	{"n_trees":100,"maxFeatures":30,"replacement":false,"limiar":0.1}
8	[1,0,0,0,0,0,0,0,0,0,0,0,0,0,0,0,0,0,0,0,0,0,0,0,0,0,0,0,0,0,0,0,0,0,0,0,0,0,0,0,0,0,0,0,0,0,0,1,0,0,0,0,1,1,1,1,0,1,1]	0.220513629102148	0.14108194806208763	0	0.042508651792638186	0.03313491471760401	0.18202998301819404	0.1471891930747148	0.40464569110556636	0.2640678549554929	0	0	0	0	{"n_trees":150,"maxFeatures":58,"replacement":true,"limiar":0.01}
50	[1,0,0,0,0,0,0,1,0,1,0,0,1,1,1,1,1,1,1,1,1,1,1,1,1,1,1,1,1,1,1,1,1,1,1,1,1,1,1,1,1,1,1,1,1,1,1,1,1,1,1,1,1,1,1,1,1,1,1]	0.5372353192374502	0.3049357382317266	0	0.042508651792638186	0.019671502676466605	0.14025513422497804	0.10522070426150416	0.2763289252901428	0.20013718839974756	0	0	0	0	{"n_trees":150,"maxFeatures":58,"replacement":true,"limiar":0.025}
59	[1,1,1,1,1,1,1,1,1,1,1,1,1,1,1,1,1,1,1,1,1,1,1,1,1,1,1,1,1,1,1,1,1,1,1,1,1,1,1,1,1,1,1,1,1,1,1,1,1,1,1,1,1,1,1,1,1,1,1]	0.5423107649393253	0.45837998562818005	0	0.042508651792638186	0.019455752322433153	0.13948387836030784	0.099338787972243	0.27999668666147065	0.18930344911100255	0	0	0	0	{"n_trees":150,"maxFeatures":58,"replacement":true,"limiar":0.05}
59	[1,1,1,1,1,1,1,1,1,1,1,1,1,1,1,1,1,1,1,1,1,1,1,1,1,1,1,1,1,1,1,1,1,1,1,1,1,1,1,1,1,1,1,1,1,1,1,1,1,1,1,1,1,1,1,1,1,1,1]	0.589289705549205	0.5342295570394981	0	0.042508651792638186	0.017458740894460745	0.13213152876759107	0.10230550158196912	0.2627085267382034	0.1979939603964231	0	0	0	0	{"n_trees":150,"maxFeatures":58,"replacement":true,"limiar":0.1}
2	[1,0,0,0,0,0,0,0,0,0,0,0,0,0,0,0,0,0,0,0,0,0,0,0,0,0,0,0,0,0,0,0,0,0,0,0,0,0,0,0,0,0,0,0,0,0,0,0,0,0,0,0,0,0,0,0,0,0,1]	0.05697724217890998	0.08464649187271822	0	0.042508651792638186	0.040086626044750086	0.20021644798754692	0.16321987650152134	0.46692041757094427	0.2870972948460449	0	0	0	0	{"n_trees":150,"maxFeatures":58,"replacement":false,"limiar":0.01}
58	[1,1,1,1,1,1,1,0,1,1,1,1,1,1,1,1,1,1,1,1,1,1,1,1,1,1,1,1,1,1,1,1,1,1,1,1,1,1,1,1,1,1,1,1,1,1,1,1,1,1,1,1,1,1,1,1,1,1,1]	0.6018107479723152	0.5206905192646949	0	0.042508651792638186	0.016926488262015905	0.13010183804241932	0.09638081691543791	0.2473092428071708	0.18624782372460236	0	0	0	0	{"n_trees":150,"maxFeatures":58,"replacement":false,"limiar":0.025}
59	[1,1,1,1,1,1,1,1,1,1,1,1,1,1,1,1,1,1,1,1,1,1,1,1,1,1,1,1,1,1,1,1,1,1,1,1,1,1,1,1,1,1,1,1,1,1,1,1,1,1,1,1,1,1,1,1,1,1,1]	0.5046158029518371	0.3957836521581922	0	0.042508651792638186	0.021058114335896022	0.14511414243930887	0.1029503192124663	0.27784747864649134	0.20743145154176582	0	0	0	0	{"n_trees":150,"maxFeatures":58,"replacement":false,"limiar":0.05}
59	[1,1,1,1,1,1,1,1,1,1,1,1,1,1,1,1,1,1,1,1,1,1,1,1,1,1,1,1,1,1,1,1,1,1,1,1,1,1,1,1,1,1,1,1,1,1,1,1,1,1,1,1,1,1,1,1,1,1,1]	0.5488100416941084	0.527353685335614	0	0.042508651792638186	0.019179476829960084	0.1384899881939488	0.10227625541513057	0.27748215296233925	0.1957219210710387	0	0	0	0	{"n_trees":150,"maxFeatures":58,"replacement":false,"limiar":0.1}
13	[1,0,0,0,0,0,0,0,0,0,0,0,0,0,0,0,0,0,0,0,0,0,0,0,0,0,0,0,0,0,0,0,0,0,0,0,0,0,0,1,0,0,0,0,1,0,0,1,0,0,1,1,1,1,1,1,1,1,1]	0.23735246368001783	0.15195758895067002	0	0.042508651792638186	0.032419118561939506	0.1800530992844597	0.14418548873556977	0.39639700183067955	0.2586778790449026	0	0	0	0	{"n_trees":150,"maxFeatures":50,"replacement":true,"limiar":0.01}
48	[1,0,0,1,0,0,0,1,1,1,0,1,0,0,0,1,0,1,1,1,0,1,1,1,1,1,1,1,1,1,1,1,1,1,1,1,1,1,1,1,1,1,1,1,1,1,1,1,1,1,1,1,1,1,1,1,1,1,1]	0.47614168439176663	0.5118458145399942	0	0.042508651792638186	0.022268510726868352	0.14922637409944783	0.10953862615847737	0.3096437415409069	0.20874815316380474	0	0	0	0	{"n_trees":150,"maxFeatures":50,"replacement":true,"limiar":0.025}
59	[1,1,1,1,1,1,1,1,1,1,1,1,1,1,1,1,1,1,1,1,1,1,1,1,1,1,1,1,1,1,1,1,1,1,1,1,1,1,1,1,1,1,1,1,1,1,1,1,1,1,1,1,1,1,1,1,1,1,1]	0.5660530634037704	0.5314072759403579	0	0.042508651792638186	0.018446499224251168	0.13581788992710483	0.1038594895561782	0.27816690432522256	0.19974308613671266	0	0	0	0	{"n_trees":150,"maxFeatures":50,"replacement":true,"limiar":0.05}
59	[1,1,1,1,1,1,1,1,1,1,1,1,1,1,1,1,1,1,1,1,1,1,1,1,1,1,1,1,1,1,1,1,1,1,1,1,1,1,1,1,1,1,1,1,1,1,1,1,1,1,1,1,1,1,1,1,1,1,1]	0.5864146824915872	0.5241915367593574	0	0.042508651792638186	0.017580954248512824	0.13259319080749518	0.10360428285377994	0.25175427731495503	0.20023486386169956	0	0	0	0	{"n_trees":150,"maxFeatures":50,"replacement":true,"limiar":0.1}
10	[1,0,0,0,0,0,0,0,0,0,0,0,0,0,0,0,0,0,0,0,0,0,0,0,0,0,0,0,0,0,0,0,0,0,0,0,0,0,0,0,0,0,0,0,0,0,0,0,0,0,1,1,1,1,1,1,1,1,1]	0.2190850001199427	0.1450252347198624	0	0.042508651792638186	0.033195643809549445	0.18219671734021292	0.1468903381918841	0.4051234963800504	0.2629676769933702	0	0	0	0	{"n_trees":150,"maxFeatures":50,"replacement":false,"limiar":0.01}
53	[1,1,0,1,1,0,1,0,0,0,1,1,1,0,1,1,1,1,1,1,1,1,1,1,1,1,1,1,1,1,1,1,1,1,1,1,1,1,1,1,1,1,1,1,1,1,1,1,1,1,1,1,1,1,1,1,1,1,1]	0.5422689705701682	0.5117389171244581	0	0.042508651792638186	0.01945752894471854	0.1394902467727351	0.1001437439604473	0.2507900335953171	0.193891482292433	0	0	0	0	{"n_trees":150,"maxFeatures":50,"replacement":false,"limiar":0.025}
59	[1,1,1,1,1,1,1,1,1,1,1,1,1,1,1,1,1,1,1,1,1,1,1,1,1,1,1,1,1,1,1,1,1,1,1,1,1,1,1,1,1,1,1,1,1,1,1,1,1,1,1,1,1,1,1,1,1,1,1]	0.6057112226436231	0.5272396736503513	0	0.042508651792638186	0.01676068434238727	0.1294630616909212	0.09841767073958156	0.25444750862849197	0.19464230415233652	0	0	0	0	{"n_trees":150,"maxFeatures":50,"replacement":false,"limiar":0.05}
59	[1,1,1,1,1,1,1,1,1,1,1,1,1,1,1,1,1,1,1,1,1,1,1,1,1,1,1,1,1,1,1,1,1,1,1,1,1,1,1,1,1,1,1,1,1,1,1,1,1,1,1,1,1,1,1,1,1,1,1]	0.5647540899637572	0.5006956734131798	0	0.042508651792638186	0.01850171683390057	0.13602101614787537	0.10517044435635048	0.2707761542068517	0.19768695635288813	0	0	0	0	{"n_trees":150,"maxFeatures":50,"replacement":false,"limiar":0.1}
20	[1,0,0,0,0,0,0,0,0,0,0,0,0,0,0,0,0,0,0,0,0,0,0,0,0,0,0,0,0,0,0,0,0,0,0,0,0,0,0,0,1,1,1,1,1,1,1,1,1,1,1,1,1,1,1,1,1,1,1]	0.2415234867944157	0.15248847553885392	0	0.042508651792638186	0.03224181399275052	0.17956005678532885	0.14448382561405324	0.40038050636390254	0.2591924812417928	0	0	0	0	{"n_trees":150,"maxFeatures":40,"replacement":true,"limiar":0.01}
41	[1,0,0,0,0,0,0,0,0,0,0,0,0,0,1,0,1,1,0,1,0,1,1,0,1,1,1,1,1,0,1,1,1,1,1,1,1,1,1,1,1,1,1,1,1,1,1,1,1,1,1,1,1,1,1,1,1,1,1]	0.3347432662013172	0.052301315890754374	0	0.042508651792638186	0.028279166849756	0.1681641069008366	0.12053124050083149	0.3584629359330959	0.2285317885764733	0	0	0	0	{"n_trees":150,"maxFeatures":40,"replacement":true,"limiar":0.025}
59	[1,1,1,1,1,1,1,1,1,1,1,1,1,1,1,1,1,1,1,1,1,1,1,1,1,1,1,1,1,1,1,1,1,1,1,1,1,1,1,1,1,1,1,1,1,1,1,1,1,1,1,1,1,1,1,1,1,1,1]	0.5519888480561965	0.4922704920237063	0	0.042508651792638186	0.01904435005719786	0.1380012683173523	0.10333898194882538	0.25273730632791214	0.1983460205238651	0	0	0	0	{"n_trees":150,"maxFeatures":40,"replacement":true,"limiar":0.05}
59	[1,1,1,1,1,1,1,1,1,1,1,1,1,1,1,1,1,1,1,1,1,1,1,1,1,1,1,1,1,1,1,1,1,1,1,1,1,1,1,1,1,1,1,1,1,1,1,1,1,1,1,1,1,1,1,1,1,1,1]	0.47807212359561624	0.352495077735419	0	0.042508651792638186	0.02218645035894505	0.14895116769916592	0.1152081745394354	0.28987789540170183	0.22501562558418853	0	0	0	0	{"n_trees":150,"maxFeatures":40,"replacement":true,"limiar":0.1}
20	[1,0,0,0,0,0,0,0,0,0,0,0,0,0,0,0,0,0,0,0,0,0,0,0,0,0,0,0,0,0,0,0,0,0,0,0,0,0,0,0,1,1,1,1,1,1,1,1,1,1,1,1,1,1,1,1,1,1,1]	0.24628050852862504	0.15030486498449902	0	0.042508651792638186	0.032039599412281	0.17899608770104727	0.14618460558827703	0.3924971588036453	0.2630861978911746	0	0	0	0	{"n_trees":150,"maxFeatures":40,"replacement":false,"limiar":0.01}
35	[1,1,0,0,0,0,1,1,0,0,0,0,1,0,0,0,0,0,0,0,1,0,0,0,1,1,1,0,1,1,0,0,0,1,1,0,1,1,0,1,1,1,1,1,1,1,1,1,1,1,1,1,1,1,1,1,1,1,1]	0.38850308184625004	0.14250288992504034	0	0.042508651792638186	0.025993909566069128	0.16122626822595978	0.11916560772118762	0.3489739040837419	0.2219211447573435	0	0	0	0	{"n_trees":150,"maxFeatures":40,"replacement":false,"limiar":0.025}
59	[1,1,1,1,1,1,1,1,1,1,1,1,1,1,1,1,1,1,1,1,1,1,1,1,1,1,1,1,1,1,1,1,1,1,1,1,1,1,1,1,1,1,1,1,1,1,1,1,1,1,1,1,1,1,1,1,1,1,1]	0.57389853214818	0.5138908143275316	0	0.042508651792638186	0.018112998925245028	0.13458454192530817	0.0991461960253924	0.26292967298210923	0.1910190625306199	0	0	0	0	{"n_trees":150,"maxFeatures":40,"replacement":false,"limiar":0.05}
59	[1,1,1,1,1,1,1,1,1,1,1,1,1,1,1,1,1,1,1,1,1,1,1,1,1,1,1,1,1,1,1,1,1,1,1,1,1,1,1,1,1,1,1,1,1,1,1,1,1,1,1,1,1,1,1,1,1,1,1]	0.583673200972046	0.4736899422707992	0	0.042508651792638186	0.017697490931822952	0.13303191696665487	0.09992492177092664	0.27201187647252284	0.19612869726190366	0	0	0	0	{"n_trees":150,"maxFeatures":40,"replacement":false,"limiar":0.1}
30	[1,0,0,0,0,0,0,0,0,0,0,0,0,0,0,0,0,0,0,0,0,0,0,0,0,0,0,0,0,0,1,1,1,1,1,1,1,1,1,1,1,1,1,1,1,1,1,1,1,1,1,1,1,1,1,1,1,1,1]	0.2984034141994317	0.13082681600576296	0	0.042508651792638186	0.029823924964700158	0.17269604791280013	0.13319143981313805	0.39295704571572576	0.2407972864283425	0	0	0	0	{"n_trees":150,"maxFeatures":30,"replacement":true,"limiar":0.01}
33	[1,0,0,0,0,0,0,0,0,0,0,0,0,0,0,0,0,0,0,0,0,0,0,0,0,0,1,1,0,1,1,1,1,1,1,1,1,1,1,1,1,1,1,1,1,1,1,1,1,1,1,1,1,1,1,1,1,1,1]	0.31634401907552223	0.24393729999237157	0	0.042508651792638186	0.02906129403907312	0.17047373416181485	0.13060979124373948	0.3677082352150537	0.23810555415193257	0	0	0	0	{"n_trees":150,"maxFeatures":30,"replacement":true,"limiar":0.025}
58	[1,0,1,1,1,1,1,1,1,1,1,1,1,1,1,1,1,1,1,1,1,1,1,1,1,1,1,1,1,1,1,1,1,1,1,1,1,1,1,1,1,1,1,1,1,1,1,1,1,1,1,1,1,1,1,1,1,1,1]	0.5506297065239394	0.5126666427717761	0	0.042508651792638186	0.019102125331329493	0.1382104385758525	0.09994123394612126	0.28243540200838496	0.19396745713538732	0	0	0	0	{"n_trees":150,"maxFeatures":30,"replacement":true,"limiar":0.05}
59	[1,1,1,1,1,1,1,1,1,1,1,1,1,1,1,1,1,1,1,1,1,1,1,1,1,1,1,1,1,1,1,1,1,1,1,1,1,1,1,1,1,1,1,1,1,1,1,1,1,1,1,1,1,1,1,1,1,1,1]	0.5552510595534401	0.4780451454710066	0	0.042508651792638186	0.01890567784458759	0.13749791941912282	0.10358665906450723	0.264052234460824	0.19740419947925025	0	0	0	0	{"n_trees":150,"maxFeatures":30,"replacement":true,"limiar":0.1}
30	[1,0,0,0,0,0,0,0,0,0,0,0,0,0,0,0,0,0,0,0,0,0,0,0,0,0,0,0,0,0,1,1,1,1,1,1,1,1,1,1,1,1,1,1,1,1,1,1,1,1,1,1,1,1,1,1,1,1,1]	0.30367841744202984	0.12256934630378669	0	0.042508651792638186	0.029599691688655515	0.17204560932687446	0.13614460802438647	0.380875340583186	0.24623219791406306	0	0	0	0	{"n_trees":150,"maxFeatures":30,"replacement":false,"limiar":0.01}
30	[1,0,0,0,0,0,0,0,0,0,0,0,0,0,0,0,0,0,0,0,0,0,0,0,0,0,0,0,0,0,1,1,1,1,1,1,1,1,1,1,1,1,1,1,1,1,1,1,1,1,1,1,1,1,1,1,1,1,1]	0.1884949051692396	0.17409909165135284	0	0.042508651792638186	0.034495987504112625	0.1857309546201511	0.14463619888691645	0.4039715204433714	0.25962131405920735	0	0	0	0	{"n_trees":150,"maxFeatures":30,"replacement":false,"limiar":0.025}
59	[1,1,1,1,1,1,1,1,1,1,1,1,1,1,1,1,1,1,1,1,1,1,1,1,1,1,1,1,1,1,1,1,1,1,1,1,1,1,1,1,1,1,1,1,1,1,1,1,1,1,1,1,1,1,1,1,1,1,1]	0.6094274515792377	0.47602424106761143	0	0.042508651792638186	0.016602712460581502	0.1288515132258116	0.0968470616494163	0.24718484791202816	0.18365723664676742	0	0	0	0	{"n_trees":150,"maxFeatures":30,"replacement":false,"limiar":0.05}
59	[1,1,1,1,1,1,1,1,1,1,1,1,1,1,1,1,1,1,1,1,1,1,1,1,1,1,1,1,1,1,1,1,1,1,1,1,1,1,1,1,1,1,1,1,1,1,1,1,1,1,1,1,1,1,1,1,1,1,1]	0.5762385641528323	0.45440464871508224	0	0.042508651792638186	0.01801352731957564	0.1342144825254549	0.1020117916952713	0.2658293982323028	0.19676505507849829	0	0	0	0	{"n_trees":150,"maxFeatures":30,"replacement":false,"limiar":0.1}
6	[1,0,0,0,0,0,0,0,0,0,0,0,0,0,0,0,0,0,0,0,0,0,0,0,0,0,0,0,0,0,0,0,0,0,0,0,0,0,0,0,0,0,0,0,0,0,0,1,0,0,0,0,1,0,1,0,0,1,1]	0.23188401545614035	0.1390220444300473	0	0.042508651792638186	0.032651574923334384	0.1806974679494275	0.14602005035089538	0.39723837319100413	0.26152321559731195	0	0	0	0	{"n_trees":200,"maxFeatures":58,"replacement":true,"limiar":0.01}
52	[1,0,0,0,1,0,0,1,0,1,1,0,1,1,1,1,1,1,1,1,1,1,1,1,1,1,1,1,1,1,1,1,1,1,1,1,1,1,1,1,1,1,1,1,1,1,1,1,1,1,1,1,1,1,1,1,1,1,1]	0.5032903359096186	0.2821119839624471	0	0.042508651792638186	0.021114458152856307	0.1453081489554399	0.10512183783547605	0.2822931157419169	0.19752545624914913	0	0	0	0	{"n_trees":200,"maxFeatures":58,"replacement":true,"limiar":0.025}
59	[1,1,1,1,1,1,1,1,1,1,1,1,1,1,1,1,1,1,1,1,1,1,1,1,1,1,1,1,1,1,1,1,1,1,1,1,1,1,1,1,1,1,1,1,1,1,1,1,1,1,1,1,1,1,1,1,1,1,1]	0.5765564597553405	0.532503051344281	0	0.042508651792638186	0.0180000140061022	0.13416413084763826	0.09896627811049567	0.2636381123353959	0.18832899783573528	0	0	0	0	{"n_trees":200,"maxFeatures":58,"replacement":true,"limiar":0.05}
59	[1,1,1,1,1,1,1,1,1,1,1,1,1,1,1,1,1,1,1,1,1,1,1,1,1,1,1,1,1,1,1,1,1,1,1,1,1,1,1,1,1,1,1,1,1,1,1,1,1,1,1,1,1,1,1,1,1,1,1]	0.587294260075022	0.5017384475587018	0	0.042508651792638186	0.017543564591293987	0.132452121882943	0.10258843332563287	0.270396397958144	0.19412961951991922	0	0	0	0	{"n_trees":200,"maxFeatures":58,"replacement":true,"limiar":0.1}
2	[1,0,0,0,0,0,0,0,0,0,0,0,0,0,0,0,0,0,0,0,0,0,0,0,0,0,0,0,0,0,0,0,0,0,0,0,0,0,0,0,0,0,0,0,0,0,0,0,0,0,0,0,0,0,0,0,0,0,1]	0.05699396572396365	0.08465897727198868	0	0.042508651792638186	0.04008591514939666	0.20021467266261148	0.16321625331457726	0.46690200123646936	0.28709316231418947	0	0	0	0	{"n_trees":200,"maxFeatures":58,"replacement":false,"limiar":0.01}
59	[1,1,1,1,1,1,1,1,1,1,1,1,1,1,1,1,1,1,1,1,1,1,1,1,1,1,1,1,1,1,1,1,1,1,1,1,1,1,1,1,1,1,1,1,1,1,1,1,1,1,1,1,1,1,1,1,1,1,1]	0.593208812609805	0.4767788464607843	0	0.042508651792638186	0.017292144937083632	0.13149960052062376	0.09615263637509901	0.26506193867168615	0.18617816543738994	0	0	0	0	{"n_trees":200,"maxFeatures":58,"replacement":false,"limiar":0.025}
59	[1,1,1,1,1,1,1,1,1,1,1,1,1,1,1,1,1,1,1,1,1,1,1,1,1,1,1,1,1,1,1,1,1,1,1,1,1,1,1,1,1,1,1,1,1,1,1,1,1,1,1,1,1,1,1,1,1,1,1]	0.5159537538156587	0.39457324861923626	0	0.042508651792638186	0.020576153330583786	0.1434439030791612	0.10207167025296553	0.2767169360416953	0.19164243290976657	0	0	0	0	{"n_trees":200,"maxFeatures":58,"replacement":false,"limiar":0.05}
59	[1,1,1,1,1,1,1,1,1,1,1,1,1,1,1,1,1,1,1,1,1,1,1,1,1,1,1,1,1,1,1,1,1,1,1,1,1,1,1,1,1,1,1,1,1,1,1,1,1,1,1,1,1,1,1,1,1,1,1]	0.5861697892985536	0.4659877945540831	0	0.042508651792638186	0.01759136432798188	0.13263244070732425	0.10084593282920028	0.26227571583779463	0.1941068649679437	0	0	0	0	{"n_trees":200,"maxFeatures":58,"replacement":false,"limiar":0.1}
11	[1,0,0,0,0,0,0,0,0,0,0,0,0,0,0,0,0,0,0,0,0,0,0,0,0,0,0,0,0,0,0,0,0,0,0,0,0,0,0,0,0,0,0,0,0,0,0,1,0,0,1,1,1,1,1,1,1,1,1]	0.21920356924162798	0.1437774047196091	0	0.042508651792638186	0.03319060359604237	0.18218288502502744	0.14764679354407906	0.4031527675477344	0.2642689217256945	0	0	0	0	{"n_trees":200,"maxFeatures":50,"replacement":true,"limiar":0.01}
48	[1,0,0,1,0,0,0,0,1,1,0,1,0,0,0,1,1,1,1,1,1,1,1,1,1,0,1,1,1,1,1,1,1,1,1,1,1,1,1,1,1,1,1,1,1,1,1,1,1,1,1,1,1,1,1,1,1,1,1]	0.47886577363875926	0.36639308479548094	0	0.042508651792638186	0.02215271336561587	0.1488378761122849	0.11056092552265451	0.30365732729995126	0.20681295292255153	0	0	0	0	{"n_trees":200,"maxFeatures":50,"replacement":true,"limiar":0.025}
59	[1,1,1,1,1,1,1,1,1,1,1,1,1,1,1,1,1,1,1,1,1,1,1,1,1,1,1,1,1,1,1,1,1,1,1,1,1,1,1,1,1,1,1,1,1,1,1,1,1,1,1,1,1,1,1,1,1,1,1]	0.593098979643826	0.5507906400247755	0	0.042508651792638186	0.01729681378838978	0.13151735166277406	0.0982658029593238	0.27078683090306	0.18943008825937446	0	0	0	0	{"n_trees":200,"maxFeatures":50,"replacement":true,"limiar":0.05}
59	[1,1,1,1,1,1,1,1,1,1,1,1,1,1,1,1,1,1,1,1,1,1,1,1,1,1,1,1,1,1,1,1,1,1,1,1,1,1,1,1,1,1,1,1,1,1,1,1,1,1,1,1,1,1,1,1,1,1,1]	0.5627455025729101	0.5590780753233874	0	0.042508651792638186	0.018587099175893174	0.13633451204993244	0.09604115494622079	0.2628901469606224	0.18452386120682726	0	0	0	0	{"n_trees":200,"maxFeatures":50,"replacement":true,"limiar":0.1}
10	[1,0,0,0,0,0,0,0,0,0,0,0,0,0,0,0,0,0,0,0,0,0,0,0,0,0,0,0,0,0,0,0,0,0,0,0,0,0,0,0,0,0,0,0,0,0,0,0,0,0,1,1,1,1,1,1,1,1,1]	0.22187024879153205	0.13214198105824249	0	0.042508651792638186	0.033077246643612945	0.18187151135791704	0.1471887208980407	0.40521924231973694	0.2633133426510087	0	0	0	0	{"n_trees":200,"maxFeatures":50,"replacement":false,"limiar":0.01}
54	[1,1,1,1,1,0,1,0,1,0,1,1,1,0,1,1,1,1,1,1,0,1,1,1,1,1,1,1,1,1,1,1,1,1,1,1,1,1,1,1,1,1,1,1,1,1,1,1,1,1,1,1,1,1,1,1,1,1,1]	0.5028571958406528	0.5050291886967093	0	0.042508651792638186	0.02113287035322541	0.1453714908543811	0.10299268805650655	0.29274253014972146	0.19443522102997457	0	0	0	0	{"n_trees":200,"maxFeatures":50,"replacement":false,"limiar":0.025}
59	[1,1,1,1,1,1,1,1,1,1,1,1,1,1,1,1,1,1,1,1,1,1,1,1,1,1,1,1,1,1,1,1,1,1,1,1,1,1,1,1,1,1,1,1,1,1,1,1,1,1,1,1,1,1,1,1,1,1,1]	0.4761683954493051	0.5249733611069782	0	0.042508651792638186	0.02226737527582443	0.14922256959262037	0.11130243425529397	0.3074142489049287	0.22045456194944438	0	0	0	0	{"n_trees":200,"maxFeatures":50,"replacement":false,"limiar":0.05}
59	[1,1,1,1,1,1,1,1,1,1,1,1,1,1,1,1,1,1,1,1,1,1,1,1,1,1,1,1,1,1,1,1,1,1,1,1,1,1,1,1,1,1,1,1,1,1,1,1,1,1,1,1,1,1,1,1,1,1,1]	0.6114390827050227	0.4817745119899166	0	0.042508651792638186	0.01651720073352028	0.12851926211086134	0.09640015936475828	0.24219116679809874	0.19397365077786272	0	0	0	0	{"n_trees":200,"maxFeatures":50,"replacement":false,"limiar":0.1}
20	[1,0,0,0,0,0,0,0,0,0,0,0,0,0,0,0,0,0,0,0,0,0,0,0,0,0,0,0,0,0,0,0,0,0,0,0,0,0,0,0,1,1,1,1,1,1,1,1,1,1,1,1,1,1,1,1,1,1,1]	0.23945634159422313	0.13577856503919739	0	0.042508651792638186	0.03232968554827033	0.17980457599368913	0.14502005405953008	0.3921857031266897	0.26017020838539184	0	0	0	0	{"n_trees":200,"maxFeatures":40,"replacement":true,"limiar":0.01}
41	[1,0,0,0,0,0,0,0,0,0,0,0,0,0,1,0,1,1,0,1,0,1,1,1,1,1,1,0,1,0,1,1,1,1,1,1,1,1,1,1,1,1,1,1,1,1,1,1,1,1,1,1,1,1,1,1,1,1,1]	0.3723509666580753	0.2668228555936538	0	0.042508651792638186	0.02668051420631783	0.1633417099405961	0.118183710780321	0.3259183608151449	0.2178305312344822	0	0	0	0	{"n_trees":200,"maxFeatures":40,"replacement":true,"limiar":0.025}
59	[1,1,1,1,1,1,1,1,1,1,1,1,1,1,1,1,1,1,1,1,1,1,1,1,1,1,1,1,1,1,1,1,1,1,1,1,1,1,1,1,1,1,1,1,1,1,1,1,1,1,1,1,1,1,1,1,1,1,1]	0.47745925353716134	0.3707874546938237	0	0.042508651792638186	0.02221250263885404	0.14903859446081086	0.11275742623769455	0.2873997799683272	0.21931115900089626	0	0	0	0	{"n_trees":200,"maxFeatures":40,"replacement":true,"limiar":0.05}
59	[1,1,1,1,1,1,1,1,1,1,1,1,1,1,1,1,1,1,1,1,1,1,1,1,1,1,1,1,1,1,1,1,1,1,1,1,1,1,1,1,1,1,1,1,1,1,1,1,1,1,1,1,1,1,1,1,1,1,1]	0.648375137477031	0.5102864095957178	0	0.042508651792638186	0.014947098842623163	0.1222583283160013	0.09004928559009581	0.2352142538495445	0.17914390401410452	0	0	0	0	{"n_trees":200,"maxFeatures":40,"replacement":true,"limiar":0.1}
20	[1,0,0,0,0,0,0,0,0,0,0,0,0,0,0,0,0,0,0,0,0,0,0,0,0,0,0,0,0,0,0,0,0,0,0,0,0,0,0,0,1,1,1,1,1,1,1,1,1,1,1,1,1,1,1,1,1,1,1]	0.24204753945695423	0.12051335005813779	0	0.042508651792638186	0.032219537220597665	0.17949801453107403	0.14429864079447327	0.39270642633914266	0.25865067176404266	0	0	0	0	{"n_trees":200,"maxFeatures":40,"replacement":false,"limiar":0.01}
38	[1,1,0,0,0,0,1,1,0,0,0,0,0,0,1,0,0,1,0,1,1,0,0,0,1,1,1,0,1,1,0,1,0,1,1,0,1,1,0,1,1,1,1,1,1,1,1,1,1,1,1,1,1,1,1,1,1,1,1]	0.3802015411544213	0.07944230819405373	0	0.042508651792638186	0.026346796868680494	0.16231696420485597	0.11607757404098284	0.3497857100804526	0.21578653609772108	0	0	0	0	{"n_trees":200,"maxFeatures":40,"replacement":false,"limiar":0.025}
59	[1,1,1,1,1,1,1,1,1,1,1,1,1,1,1,1,1,1,1,1,1,1,1,1,1,1,1,1,1,1,1,1,1,1,1,1,1,1,1,1,1,1,1,1,1,1,1,1,1,1,1,1,1,1,1,1,1,1,1]	0.527581920424014	0.47450623484494725	0	0.042508651792638186	0.020081855645242425	0.14171046413459532	0.09997557780541734	0.2775898949601281	0.18898869509784239	0	0	0	0	{"n_trees":200,"maxFeatures":40,"replacement":false,"limiar":0.05}
59	[1,1,1,1,1,1,1,1,1,1,1,1,1,1,1,1,1,1,1,1,1,1,1,1,1,1,1,1,1,1,1,1,1,1,1,1,1,1,1,1,1,1,1,1,1,1,1,1,1,1,1,1,1,1,1,1,1,1,1]	0.6077803364809069	0.5078634493380819	0	0.042508651792638186	0.016672729102758844	0.12912292245282728	0.09778549419079503	0.2606688748035021	0.1923179548943751	0	0	0	0	{"n_trees":200,"maxFeatures":40,"replacement":false,"limiar":0.1}
30	[1,0,0,0,0,0,0,0,0,0,0,0,0,0,0,0,0,0,0,0,0,0,0,0,0,0,0,0,0,0,1,1,1,1,1,1,1,1,1,1,1,1,1,1,1,1,1,1,1,1,1,1,1,1,1,1,1,1,1]	0.2864649434061164	0.09401541747825926	0	0.042508651792638186	0.030331413262589778	0.1741591607196985	0.13716111042900375	0.3815862936631657	0.2543267093451433	0	0	0	0	{"n_trees":200,"maxFeatures":30,"replacement":true,"limiar":0.01}
33	[1,0,0,0,0,0,0,0,0,0,0,0,0,0,1,0,0,0,0,0,0,0,0,0,0,0,0,1,0,1,1,1,1,1,1,1,1,1,1,1,1,1,1,1,1,1,1,1,1,1,1,1,1,1,1,1,1,1,1]	0.3370646443152995	0.19226089521852585	0	0.042508651792638186	0.02818048819582968	0.16787045063330736	0.12054241438006184	0.3777583784784076	0.22134712160656908	0	0	0	0	{"n_trees":200,"maxFeatures":30,"replacement":true,"limiar":0.025}
59	[1,1,1,1,1,1,1,1,1,1,1,1,1,1,1,1,1,1,1,1,1,1,1,1,1,1,1,1,1,1,1,1,1,1,1,1,1,1,1,1,1,1,1,1,1,1,1,1,1,1,1,1,1,1,1,1,1,1,1]	0.5577862193141079	0.4799702351709264	0	0.042508651792638186	0.018797911621082658	0.1371054762621926	0.10456166556441424	0.28636019293467485	0.20848960960873122	0	0	0	0	{"n_trees":200,"maxFeatures":30,"replacement":true,"limiar":0.05}
59	[1,1,1,1,1,1,1,1,1,1,1,1,1,1,1,1,1,1,1,1,1,1,1,1,1,1,1,1,1,1,1,1,1,1,1,1,1,1,1,1,1,1,1,1,1,1,1,1,1,1,1,1,1,1,1,1,1,1,1]	0.5774804674030607	0.5477409009602852	0	0.042508651792638186	0.01796073568675153	0.1340176693080115	0.0965373420579779	0.2733932568031423	0.18611231059238204	0	0	0	0	{"n_trees":200,"maxFeatures":30,"replacement":true,"limiar":0.1}
30	[1,0,0,0,0,0,0,0,0,0,0,0,0,0,0,0,0,0,0,0,0,0,0,0,0,0,0,0,0,0,1,1,1,1,1,1,1,1,1,1,1,1,1,1,1,1,1,1,1,1,1,1,1,1,1,1,1,1,1]	0.3352072645479912	0.11923513294092691	0	0.042508651792638186	0.028259442905604875	0.16810545174266323	0.13150908393350877	0.37529859880556443	0.23784221533053787	0	0	0	0	{"n_trees":200,"maxFeatures":30,"replacement":false,"limiar":0.01}
30	[1,0,0,0,0,0,0,0,0,0,0,0,0,0,0,0,0,0,0,0,0,0,0,0,0,0,0,0,0,0,1,1,1,1,1,1,1,1,1,1,1,1,1,1,1,1,1,1,1,1,1,1,1,1,1,1,1,1,1]	0.29860538184563135	0.130172779762034	0	0.042508651792638186	0.029815339592354478	0.17267118923652108	0.13316111308142284	0.3928320970373555	0.240738396504401	0	0	0	0	{"n_trees":200,"maxFeatures":30,"replacement":false,"limiar":0.025}
59	[1,1,1,1,1,1,1,1,1,1,1,1,1,1,1,1,1,1,1,1,1,1,1,1,1,1,1,1,1,1,1,1,1,1,1,1,1,1,1,1,1,1,1,1,1,1,1,1,1,1,1,1,1,1,1,1,1,1,1]	0.5841736128687127	0.5270668703094278	0	0.042508651792638186	0.017676219096754656	0.13295194280925215	0.10131903210892106	0.2531403297808954	0.19335664722867815	0	0	0	0	{"n_trees":200,"maxFeatures":30,"replacement":false,"limiar":0.05}
43	[1,0,1,0,0,0,0,1,0,1,1,0,0,0,0,1,0,1,0,1,0,0,1,0,1,1,1,1,1,1,1,1,1,1,1,1,1,1,1,1,1,1,1,1,1,1,1,1,0,1,1,1,1,1,1,1,1,1,1]	0.46314297557592743	0.25272295001082756	0	0.042508651792638186	0.022821068313674756	0.15106643675441198	0.11401524715815486	0.31338585985670503	0.2133725485229851	0	0	0	0	{"n_trees":50,"maxFeatures":50,"replacement":true,"limiar":0.025}
43	[1,0,1,0,0,0,0,1,0,1,1,0,0,0,0,1,0,1,0,1,0,0,1,0,1,1,1,1,1,1,1,1,1,1,1,1,1,1,1,1,1,1,1,1,1,1,1,1,0,1,1,1,1,1,1,1,1,1,1]	0.4749289396774017	0.19657300342221173	0	0.042508651792638186	0.022320062869644653	0.14939900558452407	0.10899671475208877	0.31543027759671427	0.20523764121576935	0	0	0	0	{"n_trees":50,"maxFeatures":50,"replacement":true,"limiar":0.025}
43	[1,0,1,0,0,0,0,1,0,1,1,0,0,0,0,1,0,1,0,1,0,0,1,0,1,1,1,1,1,1,1,1,1,1,1,1,1,1,1,1,1,1,1,1,1,1,1,1,0,1,1,1,1,1,1,1,1,1,1]	0.41235135587461313	0.12512374566863205	0	0.042508651792638186	0.024980151589542025	0.1580511043603999	0.11328685084323996	0.3362198835206824	0.2094508602047815	0	0	0	0	{"n_trees":50,"maxFeatures":50,"replacement":true,"limiar":0.025}
43	[1,0,1,0,0,0,0,1,0,1,1,0,0,0,0,1,0,1,0,1,0,0,1,0,1,1,1,1,1,1,1,1,1,1,1,1,1,1,1,1,1,1,1,1,1,1,1,1,0,1,1,1,1,1,1,1,1,1,1]	0.4833270864503203	0.26512481528551335	0	0.042508651792638186	0.021963068972771185	0.14819942298393468	0.11130399628774611	0.31468104305129785	0.20663679059105064	0	0	0	0	{"n_trees":50,"maxFeatures":50,"replacement":true,"limiar":0.025}
43	[1,0,1,0,0,0,0,1,0,1,1,0,0,0,0,1,0,1,0,1,0,0,1,0,1,1,1,1,1,1,1,1,1,1,1,1,1,1,1,1,1,1,1,1,1,1,1,1,0,1,1,1,1,1,1,1,1,1,1]	0.38779515278811194	0.25267559111133775	0	0.042508651792638186	0.02602400267589541	0.16131956693437846	0.12228529232724421	0.34071720412866324	0.2264130657272557	0	0	0	0	{"n_trees":50,"maxFeatures":50,"replacement":true,"limiar":0.025}
43	[1,0,1,0,0,0,0,1,0,1,1,0,0,0,0,1,0,1,0,1,0,0,1,0,1,1,1,1,1,1,1,1,1,1,1,1,1,1,1,1,1,1,1,1,1,1,1,1,0,1,1,1,1,1,1,1,1,1,1]	0.45615940465648896	0.2660749312817594	0	0.042508651792638186	0.023117930498158357	0.15204581710181428	0.11509824718032134	0.32360928804663086	0.21574555653991734	0	0	0	0	{"n_trees":50,"maxFeatures":50,"replacement":true,"limiar":0.025}
43	[1,0,1,0,0,0,0,1,0,1,1,0,0,0,0,1,0,1,0,1,0,0,1,0,1,1,1,1,1,1,1,1,1,1,1,1,1,1,1,1,1,1,1,1,1,1,1,1,0,1,1,1,1,1,1,1,1,1,1]	0.5014779407140796	0.22104867713728116	0	0.042508651792638186	0.021191500629134122	0.14557300790027705	0.10632342141381547	0.3075717238572926	0.1976216866987964	0	0	0	0	{"n_trees":50,"maxFeatures":50,"replacement":true,"limiar":0.025}
43	[1,0,1,0,0,0,0,1,0,1,1,0,0,0,0,1,0,1,0,1,0,0,1,0,1,1,1,1,1,1,1,1,1,1,1,1,1,1,1,1,1,1,1,1,1,1,1,1,0,1,1,1,1,1,1,1,1,1,1]	0.4615004227285474	0.25310927021429486	0	0.042508651792638186	0.022890891020715037	0.1512973595959792	0.11335459858211851	0.316109661184153	0.21191519398779113	0	0	0	0	{"n_trees":50,"maxFeatures":50,"replacement":true,"limiar":0.025}
43	[1,0,1,0,0,0,0,1,0,1,1,0,0,0,0,1,0,1,0,1,0,0,1,0,1,1,1,1,1,1,1,1,1,1,1,1,1,1,1,1,1,1,1,1,1,1,1,1,0,1,1,1,1,1,1,1,1,1,1]	0.4744029652911954	0.23212225704538403	0	0.042508651792638186	0.02234242133167974	0.1494738148696277	0.11150977314095752	0.3011140263693964	0.2080145075309423	0	0	0	0	{"n_trees":50,"maxFeatures":50,"replacement":true,"limiar":0.025}
43	[1,0,1,0,0,0,0,1,0,1,1,0,0,0,0,1,0,1,0,1,0,0,1,0,1,1,1,1,1,1,1,1,1,1,1,1,1,1,1,1,1,1,1,1,1,1,1,1,0,1,1,1,1,1,1,1,1,1,1]	0.4788263746071487	0.16141832630160835	0	0.042508651792638186	0.02215438816533157	0.14884350226103782	0.11155938648547424	0.31510256723050883	0.21029086309590841	0	0	0	0	{"n_trees":50,"maxFeatures":50,"replacement":true,"limiar":0.025}
