11	0 0 0 0 0 0 0 0 0 0 0 0 0 0 0 0 0 0 0 0 0 0 0 0 0 0 0 0 0 0 0 0 0 0 0 1 1 1 1 1 0 0 0 0 0 0 0 0 1 1 1 1 1 1 	0.6941358011431862	0.16631519154069074	11.70295	114.04517911724525	34.88233734417805	5.9061271019322	3.878966653336009	0.10938714364644805	0.108762222405985	5	0.1	0.2	100
10	0 0 0 0 0 0 0 0 0 0 0 0 0 0 0 0 0 0 0 0 0 0 0 0 0 0 0 0 0 0 0 0 0 0 0 1 1 1 1 1 0 0 0 0 1 0 0 0 1 1 1 1 0 0 	0.8030236058762223	0.6559071974649062	11.398666666666667	55.29040261523867	10.890904136801602	3.300136987581213	2.618058111418108	0.07283817662859414	0.07405489073540358	5	0.1	0.6	100
11	0 0 0 0 0 0 0 0 0 0 0 0 0 0 0 0 0 0 0 0 0 0 0 0 0 0 0 0 0 0 0 0 0 0 0 1 1 1 1 1 0 0 0 0 0 0 0 0 1 1 1 1 1 1 	0.7349110680183136	0.843994290029456	11.688216666666666	106.94882314249605	28.35094930354254	5.32456094936874	4.099316877475203	0.11441973332381378	0.11337736934791698	5	0.1	0.8	100
11	0 0 0 0 0 0 0 0 0 0 0 0 0 0 0 0 0 0 0 0 0 0 0 0 0 0 0 0 0 0 0 0 0 0 0 1 1 1 1 1 0 0 0 0 0 0 0 0 1 1 1 1 1 1 	0.7849485662152933	0.3643996615381051	12.276833333333334	63.094801756356055	13.568627582066203	3.6835618064675124	2.9492969694399056	0.10114257956419434	0.09354541348831619	5	0.2	0.2	100
19	0 0 0 0 0 0 0 0 0 0 0 0 0 0 0 0 0 0 0 0 0 0 0 0 0 0 0 0 0 0 0 0 0 0 0 1 1 1 1 1 1 1 1 1 1 1 1 1 1 1 1 1 1 1 	0.7483970242689377	0.3834248124852443	12.881683333333335	81.0113961630545	20.382708342752476	4.514721291813314	3.4718692891459066	0.09665180638440904	0.09620664949661412	5	0.2	0.6	100
11	0 0 0 0 0 0 0 0 0 0 0 0 0 0 0 0 0 0 0 0 0 0 0 0 0 0 0 0 0 0 0 0 0 0 0 1 1 1 1 1 0 0 0 0 0 0 0 0 1 1 1 1 1 1 	0.7306926542011212	0.19682041398798866	11.977233333333334	124.90420055933353	33.63761873176496	5.799794714622662	4.542411753415171	0.12402713878548448	0.11830953437852187	5	0.2	0.8	100
11	0 0 0 0 0 0 0 0 0 0 0 0 0 0 0 0 0 0 0 0 0 0 0 0 0 0 0 0 0 0 0 0 0 0 0 1 1 1 1 1 0 0 0 0 0 0 0 0 1 1 1 1 1 1 	0.7747520638827827	0.2032221548520693	12.01785	96.81920398245636	21.808325873560165	4.669938529955203	3.7377489290239625	0.1138561870894702	0.10728172228822914	5	0.3	0.2	100
13	0 0 0 0 0 0 0 0 0 0 0 0 0 0 0 0 0 0 0 0 0 0 0 0 0 0 0 0 0 0 0 0 0 0 0 1 1 1 1 1 1 1 1 1 1 1 1 1 0 0 0 0 0 0 	0.6772486254467083	-0.25371483801300254	11.88245	100.62011133534043	32.475279241186364	5.698708559067253	4.857430216915392	0.13151503914781404	0.12802563800711675	5	0.3	0.6	100
11	0 0 0 0 0 0 0 0 0 0 0 0 0 0 0 0 0 0 0 0 0 0 0 0 0 0 0 0 0 0 0 0 0 0 0 1 1 1 1 1 0 0 0 0 0 0 0 0 1 1 1 1 1 1 	0.7464317032425282	0.5347855116708571	11.2858	78.38784994446948	19.87667359689941	4.45832632238819	2.824894982872094	0.07337245563529537	0.07358519304078215	5	0.3	0.8	100
11	0 0 0 0 0 0 0 0 0 0 0 0 0 0 0 0 0 0 0 0 0 0 0 0 0 0 0 0 0 0 0 0 0 0 0 1 1 1 1 1 0 0 0 0 0 0 0 0 1 1 1 1 1 1 	0.7346034089406341	0.4635370139891224	18.578033333333334	104.00265089096803	27.601949007600226	5.2537557049790795	4.293166098171642	0.11103526908019794	0.1091656206960715	5	0.1	0.2	150
11	0 0 0 0 0 0 0 0 0 0 0 0 0 0 0 0 0 0 0 0 0 0 0 0 0 0 0 0 0 0 0 0 0 0 0 1 1 1 1 1 0 0 0 0 0 0 0 0 1 1 1 1 1 1 	0.8029111299230305	0.12300160672855731	17.292716666666664	116.29856310618482	22.9211523941731	4.787604034814606	4.281619364039412	0.12507046213108522	0.1205231759550242	5	0.1	0.6	150
13	0 0 0 0 0 0 0 0 0 0 0 0 0 0 0 0 0 0 0 0 0 0 0 0 0 0 0 0 0 0 0 0 0 0 0 1 1 1 1 1 1 1 1 1 1 1 1 1 0 0 0 0 0 0 	0.7840679271412336	0.2895933025628272	17.3026	96.48251024638043	20.83366843211809	4.564391353961455	3.6458822408222153	0.10889590582388309	0.104726645805733	5	0.1	0.8	150
20	0 0 0 0 0 0 0 0 0 0 0 0 0 0 0 0 0 0 0 0 0 0 0 0 1 0 0 0 0 0 0 0 0 0 0 1 1 1 1 1 1 1 1 1 1 1 1 1 1 1 1 1 1 1 	0.7314001441751165	0.4768003591545158	18.73336666666667	123.0237379611524	33.04415827940379	5.748404846512099	4.442763371136726	0.13421377388700875	0.12689713436848724	5	0.2	0.2	150
12	0 0 0 0 0 0 0 0 0 0 0 0 0 0 0 0 0 0 1 0 0 0 0 0 0 0 0 0 0 0 0 0 0 0 0 1 1 1 1 1 0 0 0 0 0 0 0 0 1 1 1 1 1 1 	0.7786981093262452	0.6118685620046754	18.808616666666666	90.88116610178557	20.1121738849607	4.484659840496345	3.5012760413828463	0.1090830682105627	0.10405984733328384	5	0.2	0.6	150
11	0 0 0 0 0 0 0 0 0 0 0 0 0 0 0 0 0 0 0 0 0 0 0 0 0 0 0 0 0 0 0 0 0 0 0 1 1 1 1 1 0 0 0 0 0 0 0 0 1 1 1 1 1 1 	0.8273410087541146	-0.3601431864202571	16.729866666666666	97.83583279061743	16.892236197329115	4.110016568984743	3.0919165046988115	0.09560390389684079	0.08943513403016161	5	0.2	0.8	150
11	0 0 0 0 0 0 0 0 0 0 0 0 0 0 0 0 0 0 0 0 0 0 0 1 0 0 0 0 0 0 0 0 0 0 0 1 1 1 1 0 0 0 0 0 0 0 0 0 1 1 1 1 1 1 	0.7384922867202953	-0.054029192054051434	17.810766666666666	90.08773606520226	23.558637852956625	4.853724122048618	3.745926366150896	0.1167877784853348	0.10784407574916141	5	0.3	0.2	150
13	1 0 0 0 0 0 1 0 0 0 0 0 0 0 0 0 0 0 0 0 0 0 0 0 0 0 0 0 0 0 0 0 0 0 0 1 1 1 1 1 0 0 0 0 0 0 0 0 1 1 1 1 1 1 	0.7536011448593419	0.7384038308957352	19.111733333333333	61.0100126672497	15.032797273327374	3.8772151440598925	3.2653577379715424	0.1084975835524807	0.10077799333861877	5	0.3	0.6	150
11	0 0 0 0 0 0 0 0 0 0 0 0 0 0 0 0 0 0 0 0 0 0 0 0 0 0 0 0 0 0 0 0 0 0 0 1 1 1 1 1 0 0 0 0 0 0 0 0 1 1 1 1 1 1 	0.713051988471847	0.2883978259976636	17.87245	78.10171755145791	22.411132548324293	4.734039770462886	3.599538888699855	0.10559961660037143	0.10090990344482728	5	0.3	0.8	150
11	0 0 0 0 0 0 0 0 0 0 0 0 0 0 0 0 0 0 0 0 0 0 0 0 0 0 0 0 0 0 0 0 0 0 0 1 1 1 1 1 0 0 0 0 0 0 0 0 1 1 1 1 1 1 	0.765557748280304	0.05703350608820268	23.957866666666668	167.93018178526705	39.36992994943588	6.2745461947009264	4.946422252426577	0.16944420996885295	0.15028413998523824	5	0.1	0.2	200
9	0 0 0 0 0 0 0 0 0 0 1 1 1 1 0 0 0 0 0 0 0 0 0 0 0 0 0 0 0 0 0 0 0 0 0 1 1 1 1 1 0 0 0 0 0 0 0 0 0 0 0 0 0 0 	0.761598033515869	0.5457134382196143	25.58185	102.07630972319828	24.33519296945369	4.933071352560562	4.0929120071158165	0.12648878929862623	0.11888062712055693	5	0.1	0.6	200
12	0 0 0 0 0 0 0 0 0 0 0 0 0 0 0 0 0 0 0 0 0 0 1 0 0 0 0 0 0 0 0 0 0 0 0 1 1 1 1 1 0 0 0 0 0 0 0 0 1 1 1 1 1 1 	0.762253507026379	0.4729605794588654	23.487233333333336	91.26127133692844	21.69704720466878	4.658008931364213	3.5631862180086413	0.10425886443044223	0.09864009369642053	5	0.1	0.8	200
11	0 0 0 0 0 0 0 0 0 0 0 0 0 0 0 0 0 0 0 0 0 0 0 0 0 0 0 0 0 0 0 0 0 0 0 1 1 1 1 1 0 0 0 0 0 0 0 0 1 1 1 1 1 1 	0.8283554643213541	0.3333561086868333	24.718933333333332	85.2053022924573	14.625024549347497	3.8242678448753424	2.7038888515537898	0.0717295492711531	0.07325291108736177	5	0.2	0.2	200
16	0 0 0 0 0 0 0 0 0 1 1 1 1 1 0 0 0 0 0 0 0 0 0 0 0 0 0 0 0 0 0 0 0 0 0 1 1 1 1 1 1 1 1 1 1 0 0 0 0 0 0 0 0 1 	0.801780643199123	0.5834558454610627	23.85488333333333	124.69410599361245	24.716785486914244	4.971597880653085	3.51755448235448	0.09252127024945736	0.09014042049213378	5	0.2	0.6	200
20	0 0 0 0 0 0 0 0 0 0 0 0 0 0 0 0 0 0 0 0 0 0 0 1 0 0 0 0 0 0 0 0 0 0 0 1 1 1 1 1 1 1 1 1 1 1 1 1 1 1 1 1 1 1 	0.7986588141404817	0.6064007018104887	24.32543333333333	75.92460298261064	15.28674960043195	3.9098273108197437	3.137586107894858	0.10232099264619048	0.09745081306381753	5	0.2	0.8	200
9	0 0 0 0 0 0 0 0 0 0 0 0 0 0 0 0 0 0 0 0 0 0 0 0 0 0 0 0 0 0 0 0 0 0 0 1 1 1 1 1 0 0 0 0 0 0 0 0 0 0 1 1 1 1 	0.7514030211035093	0.47643109865014877	24.61965	64.05237468159972	15.92322683699176	3.9903918149715274	3.4526600890559664	0.0899110929747107	0.09200618633391994	5	0.3	0.2	200
18	0 0 0 0 0 0 0 0 0 0 0 0 0 0 0 0 0 0 0 0 0 0 0 0 0 0 0 0 0 0 0 0 0 0 0 1 1 1 1 1 1 1 1 1 1 1 1 1 0 1 1 1 1 1 	0.7714282026443788	0.5632630693288132	25.096933333333332	90.3702563005474	20.65609191010427	4.544897348687236	3.6851642305658165	0.1060123267317416	0.10172536300485316	5	0.3	0.6	200
16	1 1 1 1 1 1 1 0 0 0 0 0 0 0 0 0 0 0 0 0 0 0 0 0 0 0 0 0 0 0 0 0 0 0 0 1 1 1 0 0 0 0 0 0 0 0 0 0 1 1 1 1 1 1 	0.7873090612186202	0.5286404683643575	24.66646666666667	108.4903371679031	23.074911660949727	4.803635254778378	3.967650533349005	0.1424911798058539	0.13153583141622394	5	0.3	0.8	200
11	0 0 0 0 0 0 0 0 0 0 0 0 0 0 0 0 0 0 0 0 0 0 0 0 0 0 0 0 0 0 0 0 0 0 0 1 1 1 1 1 0 0 0 0 0 0 0 0 1 1 1 1 1 1 	0.7136124105542616	0.567405145175601	23.657216666666667	81.78198114051179	23.421344438928013	4.839560355954662	3.6012142969428025	0.10385287540499019	0.10047244091248364	10	0.1	0.2	100
11	0 0 0 0 0 0 0 0 0 0 0 0 0 0 0 0 0 0 0 0 0 0 0 0 0 0 0 0 0 0 0 0 0 0 0 1 1 1 1 1 0 0 0 0 0 0 0 0 1 1 1 1 1 1 	0.7581353410231884	0.5608746308502891	23.603916666666667	139.14274303702166	33.65371209374737	5.801181956614305	4.6434523678258435	0.12370257461836062	0.12411843338826747	10	0.1	0.6	100
7	0 0 0 0 0 0 0 0 0 0 0 0 0 0 0 0 0 0 0 0 0 0 0 0 0 0 0 0 0 0 0 0 0 0 0 1 1 1 1 0 0 0 0 0 0 0 0 0 0 0 0 1 1 1 	0.8047843383129549	0.6120984822478541	23.496650000000002	85.66866298964246	16.723864731367517	4.089482208222395	3.014230943564052	0.07977926523511149	0.078658103577849	10	0.1	0.8	100
16	0 0 0 0 0 0 0 0 0 1 1 1 1 1 0 0 0 0 0 0 0 0 0 0 0 0 0 0 0 0 0 0 0 0 0 1 1 1 1 1 0 0 0 0 0 0 0 0 1 1 1 1 1 1 	0.7978299329344284	0.4244982698330545	23.9867	104.47461923297054	21.121640776979714	4.5958286278950515	3.646947336662111	0.1059490938138707	0.10349011034608462	10	0.2	0.2	100
11	0 0 0 0 0 0 0 0 0 0 0 0 0 0 0 0 0 0 0 0 0 0 0 0 0 0 0 0 0 0 0 0 0 0 0 1 1 1 1 1 0 0 0 0 0 0 0 0 1 1 1 1 1 1 	0.8239418023855096	0.41350146223970274	24.07136666666667	98.82418836031877	17.398808483432628	4.171187898360925	3.3514312839988856	0.11005227998325649	0.1032713498658437	10	0.2	0.6	100
7	0 0 0 0 0 0 0 0 0 0 0 0 0 0 0 0 0 0 0 0 0 0 0 0 0 0 0 0 0 0 0 0 0 0 0 0 0 0 1 0 0 0 0 0 0 0 0 0 1 1 1 1 1 1 	0.7622654810859055	0.20596143468965256	25.903499999999998	107.85200235285977	25.640143893278907	5.063609769055955	4.262939371295617	0.1211986922025435	0.11792549237405232	10	0.2	0.8	100
10	0 0 0 0 0 0 0 0 0 0 0 0 0 0 0 0 0 0 0 0 0 0 0 0 0 0 0 0 0 0 0 0 0 0 0 1 1 1 1 1 0 0 0 0 0 0 0 0 0 1 1 1 1 1 	0.8414309671059641	0.3637799792159303	24.782733333333333	106.63126153387358	16.90841601769735	4.111984437920133	3.412502752265355	0.10527727530740123	0.10351525800641075	10	0.3	0.2	100
18	1 1 1 1 1 1 1 0 0 0 0 0 0 0 0 0 0 0 0 0 0 0 0 0 0 0 0 0 0 0 0 0 0 0 0 1 1 1 1 1 0 0 0 0 0 0 0 0 1 1 1 1 1 1 	0.7917545460086548	0.5903435815755951	25.326416666666667	96.0515654604438	20.002301855889524	4.472393302907239	3.6888885213436735	0.09651603057903489	0.09675977894753411	10	0.3	0.6	100
11	0 0 0 0 0 0 0 0 0 0 0 0 0 0 0 0 0 0 0 0 0 0 0 0 0 0 0 0 0 0 0 0 0 0 0 1 1 1 1 1 0 0 0 0 0 0 0 0 1 1 1 1 1 1 	0.8276471050486128	0.679788130073524	25.401499999999995	103.93558678819625	17.913599271416768	4.232446015180438	3.209851547217094	0.08087324354602161	0.08112993243151784	10	0.3	0.8	100
12	0 1 0 0 0 0 0 0 0 0 0 0 0 0 0 0 0 0 0 0 0 0 0 0 0 0 0 0 0 0 0 0 0 0 0 1 1 1 1 1 0 0 0 0 0 0 0 0 1 1 1 1 1 1 	0.7674131384026943	0.570089491998341	36.2005	76.36588731409098	17.76170206347792	4.214463437197898	3.4241037869058766	0.10266609902016108	0.1005390711734279	10	0.1	0.2	150
8	0 0 0 0 0 0 0 0 0 0 0 0 0 0 0 0 0 0 0 0 0 0 0 0 0 0 0 0 0 0 0 0 0 0 0 0 0 0 1 1 0 0 0 0 0 0 0 0 1 1 1 1 1 1 	0.8315585049445567	0.35846700731926107	37.21893333333334	89.6535711663093	15.10138156431272	3.8860496090905374	3.0919708265803623	0.08957082710560198	0.0859262918942086	10	0.1	0.6	150
11	0 0 0 0 0 0 0 0 0 0 0 0 0 0 0 0 0 0 0 0 0 0 0 0 0 0 0 0 0 0 0 0 0 0 0 1 1 1 1 1 0 0 0 0 0 0 0 0 1 1 1 1 1 1 	0.8965239403428823	0.1679847425269524	36.18255	107.6744335874514	11.141726113441477	3.3379224247189265	2.500350521520546	0.07935504030342186	0.07589357680618755	10	0.1	0.8	150
11	0 0 0 0 0 0 0 0 0 0 0 0 0 0 0 0 0 0 0 0 0 0 0 0 0 0 0 0 0 0 0 0 0 0 0 1 1 1 1 1 0 0 0 0 0 0 0 0 1 1 1 1 1 1 	0.7088401632881551	0.4834991651314765	36.72378333333333	77.96463515205616	22.700170440171238	4.764469586446244	3.708155249064344	0.10291851025800913	0.10451966442637677	10	0.2	0.2	150
23	0 0 0 0 0 0 0 0 0 1 1 1 1 1 0 0 0 0 0 0 0 0 0 0 0 0 0 0 0 0 0 0 0 0 0 1 1 1 1 1 1 1 1 1 1 1 1 1 0 1 1 1 1 1 	0.7680878797839088	0.44592988105938813	38.16176666666667	142.69560619484656	33.09284057816727	5.752637706145527	4.582478367011044	0.1268349855378325	0.12162200581435532	10	0.2	0.6	150
9	0 0 0 0 0 0 0 0 0 0 0 0 0 0 0 0 0 0 0 0 0 0 0 0 0 0 0 0 0 0 0 0 0 0 0 0 1 1 1 1 0 0 0 0 0 0 0 0 1 0 1 1 1 1 	0.827021235653832	0.5439342896804478	38.89788333333334	99.95095057386189	17.289391925491547	4.158051457773406	3.35651668301444	0.09671757544048257	0.09687527016399895	10	0.2	0.8	150
11	0 0 0 0 0 0 0 0 0 0 0 0 0 0 0 0 0 0 0 0 0 0 0 0 0 0 0 0 0 0 0 0 0 0 0 1 1 1 1 1 0 0 0 0 0 0 0 0 1 1 1 1 1 1 	0.8145844280114587	0.49952377353007904	36.60203333333333	119.52367032308446	22.161549699124546	4.707605516515222	3.54800438911767	0.09936163087226088	0.09743172073021404	10	0.3	0.2	150
11	0 0 0 0 0 0 0 0 0 0 0 0 0 0 0 0 0 0 0 0 0 0 0 0 0 0 0 0 0 0 0 0 0 0 0 1 1 1 1 1 0 0 0 0 0 0 0 0 1 1 1 1 1 1 	0.7792509029885543	0.4952058694988867	40.272216666666665	116.68348147206908	25.757773171111005	5.075211638061117	3.7708849562794007	0.1278924521011253	0.11614584468064432	10	0.3	0.6	150
18	1 1 1 1 1 1 1 0 0 0 1 0 0 0 0 0 0 0 0 0 0 0 0 0 0 0 0 0 0 0 0 0 0 0 0 1 1 1 0 1 0 0 0 0 0 0 0 0 1 1 1 1 1 1 	0.7735144560274986	0.47790029490155783	37.387	122.88714557444109	27.832162012655257	5.275619585665295	3.4684185205831954	0.09286867321633266	0.09267841259464932	10	0.3	0.8	150
18	1 1 1 1 1 1 1 0 0 0 0 0 0 0 0 0 0 0 0 0 0 0 0 0 0 0 0 0 0 0 0 0 0 0 0 1 1 1 1 1 0 0 0 0 0 0 0 0 1 1 1 1 1 1 	0.8289121618702455	0.3791139247211518	50.79855	48.04063618226917	8.219168586802496	2.866909239373039	2.1753959442831468	0.06310739187264297	0.06357212076431654	10	0.1	0.2	200
12	0 0 0 0 0 0 0 0 0 0 0 0 0 0 0 0 0 0 0 0 0 0 0 0 0 0 0 1 0 0 0 0 0 0 0 1 1 1 1 1 0 0 0 0 0 0 0 0 1 1 1 1 1 1 	0.8058564848890711	0.16155276889293724	50.29364999999999	132.11247557622374	25.64878039837481	5.064462498466625	3.5481612165123786	0.10379918434003868	0.0967814130208958	10	0.1	0.6	200
21	1 1 1 1 1 1 1 0 0 1 1 1 1 1 0 0 0 0 0 0 0 0 0 0 0 0 0 0 0 0 0 0 0 0 0 1 1 1 0 0 0 0 0 0 0 0 0 0 1 1 1 1 1 1 	0.7988139269563019	0.2987855765709846	49.459516666666666	109.63449618106358	22.056933756792493	4.696480997171445	3.5571649036434745	0.08888701758055267	0.0912809974611281	10	0.1	0.8	200
11	0 0 0 0 0 0 0 0 0 1 1 1 1 1 0 0 0 0 0 0 0 0 0 0 0 0 0 0 0 0 0 0 0 1 0 1 1 1 1 1 0 0 0 0 0 0 0 0 0 0 0 0 0 0 	0.7941916137854165	0.5443854404673003	48.82448333333334	46.53155565716229	9.576584377854646	3.094605690205886	2.3923798791537414	0.06951064796334491	0.07119343422712887	10	0.2	0.2	200
19	0 0 0 0 0 0 0 0 0 0 0 0 0 0 0 0 0 0 0 0 0 0 0 0 0 0 0 0 0 0 0 0 0 0 0 1 1 1 1 1 1 1 1 1 1 1 1 1 1 1 1 1 1 1 	0.8378739733121328	0.5306181235216061	48.23428333333334	114.74736319501748	18.603534067717803	4.3131814322745345	2.9728372480174414	0.07090928354709304	0.07196112563221313	10	0.2	0.6	200
19	0 0 0 0 0 0 0 0 0 0 0 0 0 0 0 0 0 0 0 0 0 0 0 0 0 0 0 0 0 0 0 0 0 0 0 1 1 1 1 1 1 1 1 1 1 1 1 1 1 1 1 1 1 1 	0.814300907163368	0.5683778350786499	52.21951666666667	95.66586309102503	17.765063991436783	4.214862274314166	3.295742688620893	0.10764747505774204	0.10686348253164533	10	0.2	0.8	200
13	0 0 0 0 0 0 0 1 1 0 0 0 0 0 0 0 0 0 0 0 0 0 0 0 0 0 0 0 0 0 0 0 0 0 0 1 1 1 1 1 0 0 0 0 0 0 0 0 1 1 1 1 1 1 	0.794184800010602	0.21228124103308776	51.034499999999994	87.3719379303578	17.98247287859786	4.240574592976506	3.422140456926615	0.09525988915430689	0.09331954275960122	10	0.3	0.2	200
17	0 0 0 0 0 0 0 0 0 0 0 0 0 0 0 0 0 0 0 0 0 0 0 0 0 0 0 0 0 0 0 0 0 0 0 1 1 0 1 0 1 1 1 1 1 1 1 1 1 1 1 1 1 1 	0.8343773997773739	-0.04676377849891211	49.03408333333333	108.45580992366136	17.96273324880769	4.238246482781256	3.5226533126701307	0.10463785071537841	0.10214405311147595	10	0.3	0.6	200
7	0 0 0 0 0 0 0 0 0 0 0 0 0 0 0 0 0 0 0 0 0 0 0 0 0 0 0 0 0 0 0 0 0 0 0 1 1 1 1 1 0 0 0 0 0 0 0 0 1 1 0 0 0 0 	0.7586472470157464	0.6128999766384	47.78951666666667	101.45866914245579	24.487329111650244	4.948467349760959	4.416907300238346	0.14464968164414985	0.1401733013218067	10	0.3	0.8	200
11	0 0 0 0 0 0 0 0 0 0 0 0 0 0 0 0 0 0 0 0 0 0 0 0 0 0 0 0 0 0 0 0 0 0 0 1 1 1 1 1 0 0 0 0 0 0 0 0 1 1 1 1 1 1 	0.7937142476238428	0.3839832901802207	48.881133333333324	93.56683213381591	19.301504364177816	4.393347739956151	3.1000819267334925	0.10147287995824844	0.09389587973921844	20	0.1	0.2	100
11	0 0 0 0 0 0 0 0 0 0 0 0 0 0 0 0 0 0 0 0 0 0 0 0 0 0 0 0 0 0 0 0 0 0 0 1 1 1 1 1 0 0 0 0 0 0 0 0 1 1 1 1 1 1 	0.8443254204306168	0.5641721225109091	48.227233333333324	96.3962725407719	15.006449199840343	3.8738158448537976	3.036858797052001	0.08693574438378297	0.08485401737280168	20	0.1	0.6	100
18	0 0 0 0 0 0 0 0 0 0 0 0 0 0 0 0 0 0 0 0 0 0 0 0 0 0 0 0 0 0 0 0 0 0 0 1 1 1 0 1 1 1 1 1 1 1 1 1 1 1 1 1 1 1 	0.7903933041521908	0.20647379656315257	52.17658333333334	92.8024201026071	19.45200864438778	4.41044313469608	3.4649613724792907	0.10915060123076101	0.10251109946406095	20	0.1	0.8	100
11	0 0 0 0 0 0 0 0 0 0 0 0 0 0 0 0 0 0 0 0 0 0 0 0 0 0 0 0 0 0 0 0 0 0 0 1 1 1 1 1 0 0 0 0 0 0 0 0 1 1 1 1 1 1 	0.7815413841972983	0.4532432437634587	50.001916666666666	71.93973453006846	15.715854826652576	3.964322745016174	3.1545306221528517	0.08471677474076227	0.08518264428058833	20	0.2	0.2	100
11	0 0 0 0 0 0 0 0 0 0 0 0 0 0 0 0 0 0 0 0 0 0 0 0 0 0 0 0 0 0 0 0 0 0 0 1 1 1 1 1 0 0 0 0 0 0 0 0 1 1 1 1 1 1 	0.8036921770216763	0.4711005092411986	49.117000000000004	92.80180462538809	18.217720234469674	4.268222139775491	3.162594851925732	0.08840759355051889	0.0883935087963011	20	0.2	0.6	100
20	1 1 1 1 1 0 0 1 0 1 1 1 1 1 0 0 0 0 0 0 0 0 0 0 0 0 0 0 0 0 0 0 0 0 0 0 0 0 0 1 1 1 1 1 1 1 1 1 0 0 0 0 0 0 	0.7671045603592104	0.4295777825211686	54.772283333333334	87.25423045770839	20.321112362966772	4.507894448960265	3.8030155179960135	0.12165272017690698	0.11572823282960121	20	0.2	0.8	100
12	0 0 0 0 0 0 0 0 0 0 0 0 0 0 0 0 0 0 0 0 0 0 1 0 0 0 0 0 0 0 0 0 0 0 0 1 1 1 1 1 0 0 0 0 0 0 0 0 1 1 1 1 1 1 	0.8010389482263776	0.46660830549960697	49.78411666666668	90.44078265527335	17.99419324032278	4.241956298728545	3.2668890971305187	0.10387964600932226	0.09802853681336914	20	0.3	0.2	100
16	1 1 1 1 1 1 1 0 0 0 0 0 0 0 0 0 0 0 0 0 0 0 0 0 0 0 0 0 0 0 1 0 0 0 0 0 0 0 0 1 0 0 0 0 0 1 0 0 1 1 1 1 1 1 	0.785217633384861	-0.038521919037638463	50.52933333333334	110.36503307895899	23.704462996256918	4.868722932788116	3.9170943316760423	0.10588486818274263	0.10738545956719098	20	0.3	0.6	100
17	0 0 0 0 0 0 0 0 0 0 0 0 0 0 0 0 0 0 0 0 0 0 0 0 0 0 0 0 0 0 0 0 0 0 0 1 1 1 0 0 1 1 1 1 1 1 1 1 1 1 1 1 1 1 	0.751941248922475	0.40416269496830215	48.064633333333326	106.22193657567479	26.34928092399795	5.1331550652593725	4.132091689798422	0.11231818196207291	0.10881526390610097	20	0.3	0.8	100
11	0 0 0 0 0 0 0 0 0 0 0 0 0 0 0 0 0 0 0 0 0 0 0 0 0 0 0 0 0 0 0 0 0 0 0 1 1 1 1 1 0 0 0 0 0 0 0 0 1 1 1 1 1 1 	0.8059075683128305	0.3943684974753887	73.2709	110.74945397580275	21.495630830189818	4.6363380841122686	3.227608864602813	0.08993410078735226	0.08917011101655381	20	0.1	0.2	150
13	0 0 0 0 0 0 0 1 1 0 0 0 0 0 0 0 0 0 0 0 0 0 0 0 0 0 0 0 0 0 0 0 0 0 0 1 1 1 1 1 0 0 0 0 0 0 0 0 1 1 1 1 1 1 	0.7777176340120966	0.22935577488220116	70.33485	96.24055961376955	21.39257929494856	4.6252112703041535	3.896887575815595	0.10281769693784333	0.10661427003454255	20	0.1	0.6	150
13	0 0 0 0 0 0 0 1 1 0 0 0 0 0 0 0 0 0 0 0 0 0 0 0 0 0 0 0 0 0 0 0 0 0 0 1 1 1 1 1 0 0 0 0 0 0 0 0 1 1 1 1 1 1 	0.8314368155873257	0.3134895246122751	79.53215	107.97167809123476	18.200049885438705	4.266151648199898	3.168447260895554	0.09188642057883718	0.08925937274298193	20	0.1	0.8	150
